1,3
1,941
1,768
1,926
1,621
1,909
1,314
1,297
1,719
1,936
1,345
2,4
2,164
2,650
2,425
2,372
2,682
2,916
2,709
2,242
2,528
2,405
3,5
3,280
3,66
3,847
3,289
3,211
3,15
3,969
3,679
3,45
3,816
4,6
4,268
4,559
4,90
4,46
4,421
4,924
4,771
4,452
4,690
4,951
5,7
5,18
5,757
5,791
5,227
5,620
5,591
5,927
5,231
5,594
5,620
6,8
6,780
6,567
6,264
6,193
6,99
6,204
6,482
6,750
6,84
6,152
7,9
7,279
7,125
7,435
7,186
7,364
7,509
7,379
7,415
7,934
7,598
8,10
8,676
8,505
8,357
8,96
8,508
8,392
8,624
8,280
8,829
8,807
9,11
9,847
9,975
9,980
9,939
9,573
9,158
9,171
9,314
9,232
9,228
10,12
10,907
10,889
10,912
10,49
10,609
10,949
10,989
10,85
10,196
10,482
11,13
11,133
11,455
11,732
11,136
11,949
11,281
11,216
11,714
11,137
11,209
12,14
12,793
12,993
12,241
12,983
12,2
12,499
12,197
12,865
12,125
12,676
13,15
13,162
13,353
13,368
13,535
13,250
13,888
13,618
13,583
13,643
13,781
14,16
14,376
14,8
14,303
14,102
14,215
14,65
14,334
14,688
14,34
14,995
15,17
15,748
15,450
15,45
15,75
15,209
15,981
15,340
15,815
15,218
15,322
16,18
16,324
16,103
16,678
16,787
16,132
16,186
16,6
16,983
16,435
16,745
17,19
17,496
17,394
17,514
17,416
17,826
17,577
17,816
17,560
17,730
17,757
18,20
18,230
18,172
18,218
18,303
18,651
18,38
18,591
18,64
18,239
18,327
19,21
19,988
19,42
19,589
19,195
19,618
19,215
19,994
19,724
19,989
19,122
20,22
20,830
20,147
20,960
20,58
20,365
20,187
20,97
20,606
20,177
20,134
21,23
21,307
21,91
21,180
21,831
21,547
21,565
21,513
21,30
21,187
21,626
22,24
22,835
22,996
22,430
22,930
22,442
22,364
22,46
22,977
22,518
22,825
23,25
23,379
23,830
23,547
23,417
23,92
23,389
23,660
23,719
23,530
23,109
24,26
24,964
24,626
24,323
24,702
24,99
24,913
24,536
24,23
24,431
24,974
25,27
25,915
25,71
25,8
25,274
25,827
25,843
25,501
25,523
25,195
25,80
26,28
26,306
26,157
26,47
26,533
26,298
26,853
26,501
26,744
26,475
26,459
27,29
27,121
27,890
27,691
27,559
27,37
27,624
27,965
27,463
27,743
27,9
28,30
28,81
28,118
28,197
28,731
28,319
28,709
28,152
28,566
28,699
28,256
29,31
29,809
29,789
29,161
29,648
29,316
29,954
29,255
29,312
29,158
29,130
30,32
30,515
30,749
30,190
30,702
30,86
30,179
30,244
30,24
30,897
30,827
31,33
31,664
31,410
31,886
31,263
31,1000
31,729
31,368
31,339
31,472
31,971
32,34
32,901
32,706
32,166
32,40
32,550
32,200
32,984
32,723
32,794
32,26
33,35
33,1000
33,88
33,577
33,790
33,866
33,896
33,293
33,856
33,637
33,304
34,36
34,286
34,848
34,271
34,393
34,135
34,185
34,965
34,711
34,507
34,487
35,37
35,641
35,464
35,340
35,200
35,714
35,6
35,219
35,733
35,63
35,899
36,38
36,49
36,885
36,14
36,632
36,585
36,662
36,806
36,622
36,410
36,826
37,39
37,126
37,283
37,20
37,578
37,730
37,92
37,803
37,17
37,777
37,696
38,40
38,571
38,69
38,246
38,567
38,595
38,743
38,530
38,361
38,734
38,273
39,41
39,995
39,127
39,558
39,603
39,993
39,907
39,517
39,7
39,625
39,774
40,42
40,621
40,820
40,967
40,110
40,286
40,951
40,142
40,50
40,530
40,746
41,43
41,753
41,230
41,677
41,74
41,59
41,364
41,698
41,986
41,973
41,614
42,44
42,562
42,133
42,663
42,787
42,485
42,177
42,899
42,60
42,870
42,276
43,45
43,932
43,764
43,982
43,923
43,728
43,165
43,855
43,562
43,118
43,485
44,46
44,865
44,478
44,144
44,907
44,934
44,940
44,937
44,226
44,269
44,850
45,47
45,44
45,598
45,897
45,380
45,558
45,530
45,802
45,370
45,845
45,718
46,48
46,271
46,759
46,465
46,12
46,235
46,940
46,520
46,336
46,119
46,225
47,49
47,10
47,424
47,244
47,442
47,273
47,876
47,63
47,961
47,783
47,613
48,50
48,318
48,211
48,826
48,369
48,491
48,638
48,102
48,770
48,796
48,659
49,51
49,441
49,277
49,529
49,252
49,690
49,312
49,460
49,887
49,104
49,970
50,52
50,537
50,136
50,833
50,694
50,607
50,830
50,119
50,214
50,820
50,741
51,53
51,831
51,158
51,268
51,458
51,146
51,666
51,279
51,392
51,826
51,691
52,54
52,140
52,589
52,781
52,732
52,101
52,720
52,16
52,247
52,349
52,639
53,55
53,678
53,13
53,253
53,488
53,632
53,343
53,605
53,641
53,132
53,806
54,56
54,109
54,399
54,608
54,968
54,925
54,776
54,36
54,842
54,494
54,816
55,57
55,300
55,194
55,494
55,215
55,447
55,697
55,644
55,257
55,832
55,613
56,58
56,843
56,278
56,516
56,593
56,866
56,286
56,718
56,254
56,90
56,348
57,59
57,524
57,434
57,143
57,396
57,915
57,378
57,36
57,575
57,618
57,573
58,60
58,95
58,652
58,336
58,465
58,404
58,73
58,82
58,409
58,633
58,226
59,61
59,869
59,203
59,410
59,514
59,380
59,871
59,939
59,639
59,81
59,385
60,62
60,849
60,757
60,519
60,872
60,533
60,430
60,703
60,998
60,974
60,174
61,63
61,651
61,613
61,577
61,373
61,199
61,440
61,982
61,924
61,159
61,440
62,64
62,292
62,243
62,842
62,607
62,850
62,27
62,709
62,653
62,723
62,180
63,65
63,463
63,19
63,553
63,15
63,631
63,837
63,930
63,881
63,762
63,584
64,66
64,494
64,90
64,861
64,324
64,892
64,520
64,582
64,234
64,739
64,233
65,67
65,957
65,195
65,419
65,549
65,3
65,949
65,71
65,633
65,873
65,317
66,68
66,509
66,890
66,933
66,981
66,147
66,574
66,590
66,25
66,942
66,250
67,69
67,829
67,198
67,924
67,128
67,929
67,937
67,421
67,120
67,233
67,560
68,70
68,703
68,342
68,244
68,342
68,102
68,454
68,971
68,818
68,22
68,369
69,71
69,800
69,866
69,853
69,547
69,21
69,568
69,848
69,965
69,24
69,462
70,72
70,391
70,736
70,888
70,815
70,705
70,631
70,565
70,582
70,357
70,175
71,73
71,503
71,62
71,886
71,257
71,19
71,801
71,289
71,140
71,969
71,26
72,74
72,916
72,229
72,683
72,760
72,988
72,653
72,251
72,357
72,169
72,578
73,75
73,580
73,463
73,146
73,387
73,787
73,648
73,682
73,573
73,102
73,334
74,76
74,104
74,97
74,966
74,855
74,931
74,636
74,920
74,417
74,851
74,835
75,77
75,558
75,974
75,671
75,646
75,141
75,115
75,283
75,452
75,686
75,923
76,78
76,173
76,62
76,368
76,963
76,111
76,33
76,20
76,387
76,64
76,901
77,79
77,962
77,286
77,969
77,423
77,89
77,371
77,684
77,414
77,718
77,384
78,80
78,843
78,687
78,817
78,363
78,27
78,648
78,291
78,440
78,667
78,446
79,81
79,55
79,585
79,131
79,527
79,145
79,93
79,81
79,380
79,683
79,965
80,82
80,274
80,87
80,936
80,532
80,21
80,517
80,163
80,645
80,844
80,126
81,83
81,641
81,824
81,712
81,263
81,469
81,656
81,844
81,451
81,224
81,191
82,84
82,61
82,109
82,33
82,31
82,248
82,682
82,188
82,186
82,92
82,86
83,85
83,474
83,57
83,90
83,558
83,589
83,818
83,320
83,785
83,424
83,532
84,86
84,769
84,140
84,957
84,714
84,745
84,922
84,828
84,744
84,550
84,100
85,87
85,367
85,564
85,427
85,194
85,839
85,847
85,410
85,549
85,380
85,157
86,88
86,566
86,243
86,255
86,741
86,61
86,495
86,803
86,3
86,277
86,57
87,89
87,238
87,75
87,979
87,373
87,699
87,985
87,460
87,412
87,910
87,899
88,90
88,110
88,352
88,567
88,828
88,328
88,347
88,725
88,855
88,169
88,544
89,91
89,833
89,233
89,796
89,54
89,259
89,939
89,617
89,828
89,63
89,892
90,92
90,361
90,482
90,236
90,743
90,401
90,467
90,329
90,463
90,731
90,431
91,93
91,776
91,765
91,819
91,458
91,399
91,911
91,862
91,459
91,522
91,577
92,94
92,443
92,677
92,640
92,615
92,316
92,704
92,797
92,847
92,876
92,46
93,95
93,444
93,419
93,289
93,393
93,207
93,195
93,861
93,960
93,462
93,652
94,96
94,419
94,620
94,72
94,66
94,46
94,578
94,811
94,249
94,861
94,242
95,97
95,948
95,319
95,101
95,430
95,538
95,778
95,82
95,44
95,297
95,540
96,98
96,914
96,582
96,385
96,952
96,829
96,62
96,211
96,474
96,125
96,644
97,99
97,544
97,731
97,784
97,739
97,331
97,700
97,436
97,386
97,983
97,413
98,100
98,267
98,355
98,687
98,89
98,145
98,163
98,774
98,136
98,689
98,29
99,101
99,478
99,798
99,745
99,72
99,96
99,598
99,906
99,485
99,723
99,705
100,102
100,543
100,182
100,915
100,198
100,994
100,447
100,198
100,667
100,546
100,717
101,103
101,908
101,330
101,26
101,536
101,498
101,89
101,55
101,225
101,861
101,158
102,104
102,921
102,284
102,638
102,66
102,784
102,918
102,56
102,556
102,781
102,150
103,105
103,129
103,657
103,626
103,48
103,657
103,372
103,160
103,816
103,305
103,931
104,106
104,786
104,514
104,198
104,285
104,750
104,995
104,571
104,858
104,343
104,206
105,107
105,253
105,882
105,130
105,666
105,273
105,592
105,824
105,797
105,920
105,203
106,108
106,423
106,678
106,818
106,77
106,125
106,661
106,476
106,565
106,964
106,114
107,109
107,330
107,328
107,690
107,304
107,230
107,449
107,802
107,925
107,15
107,576
108,110
108,542
108,225
108,798
108,816
108,271
108,712
108,622
108,671
108,942
108,632
109,111
109,953
109,247
109,725
109,729
109,621
109,169
109,994
109,897
109,479
109,617
110,112
110,657
110,302
110,565
110,755
110,325
110,13
110,518
110,650
110,10
110,347
111,113
111,537
111,100
111,86
111,811
111,916
111,5
111,922
111,249
111,167
111,808
112,114
112,405
112,333
112,189
112,290
112,560
112,372
112,399
112,385
112,110
112,833
113,115
113,870
113,858
113,366
113,324
113,247
113,5
113,396
113,584
113,140
113,213
114,116
114,905
114,636
114,790
114,689
114,528
114,812
114,830
114,181
114,43
114,878
115,117
115,19
115,294
115,979
115,17
115,587
115,39
115,364
115,223
115,312
115,385
116,118
116,341
116,527
116,521
116,585
116,306
116,758
116,236
116,78
116,584
116,554
117,119
117,756
117,704
117,962
117,935
117,601
117,78
117,796
117,69
117,737
117,146
118,120
118,537
118,487
118,784
118,647
118,27
118,848
118,549
118,689
118,280
118,407
119,121
119,867
119,573
119,717
119,855
119,701
119,13
119,980
119,513
119,252
119,673
120,122
120,332
120,238
120,3
120,820
120,788
120,384
120,811
120,694
120,11
120,941
121,123
121,355
121,960
121,259
121,141
121,32
121,215
121,575
121,716
121,459
121,237
122,124
122,763
122,935
122,567
122,852
122,514
122,609
122,408
122,476
122,470
122,509
123,125
123,913
123,525
123,768
123,868
123,800
123,182
123,720
123,711
123,188
123,330
124,126
124,573
124,755
124,855
124,547
124,657
124,132
124,934
124,177
124,289
124,548
125,127
125,339
125,128
125,39
125,480
125,253
125,243
125,508
125,264
125,540
125,141
126,128
126,446
126,135
126,326
126,988
126,236
126,669
126,752
126,759
126,273
126,749
127,129
127,306
127,829
127,300
127,340
127,823
127,40
127,906
127,557
127,617
127,558
128,130
128,440
128,707
128,908
128,747
128,792
128,536
128,316
128,981
128,525
128,571
129,131
129,740
129,421
129,107
129,425
129,276
129,649
129,667
129,992
129,919
129,245
130,132
130,808
130,273
130,561
130,54
130,839
130,224
130,861
130,732
130,630
130,206
131,133
131,176
131,530
131,875
131,660
131,814
131,305
131,236
131,534
131,577
131,687
132,134
132,188
132,897
132,966
132,20
132,627
132,613
132,726
132,598
132,925
132,383
133,135
133,739
133,964
133,814
133,940
133,227
133,968
133,330
133,746
133,934
133,432
134,136
134,534
134,613
134,983
134,744
134,408
134,462
134,206
134,828
134,761
134,617
135,137
135,308
135,671
135,876
135,704
135,591
135,878
135,764
135,861
135,834
135,586
136,138
136,825
136,690
136,150
136,731
136,938
136,35
136,422
136,133
136,651
136,403
137,139
137,556
137,783
137,394
137,13
137,239
137,505
137,346
137,492
137,785
137,122
138,140
138,132
138,23
138,821
138,674
138,354
138,910
138,64
138,885
138,510
138,235
139,141
139,899
139,734
139,706
139,65
139,590
139,286
139,719
139,21
139,642
139,903
140,142
140,860
140,51
140,173
140,630
140,538
140,569
140,214
140,367
140,381
140,558
141,143
141,336
141,183
141,26
141,866
141,895
141,199
141,643
141,389
141,587
141,36
142,144
142,863
142,298
142,575
142,550
142,969
142,516
142,633
142,945
142,986
142,140
143,145
143,175
143,419
143,653
143,646
143,941
143,911
143,361
143,628
143,698
143,565
144,146
144,231
144,349
144,554
144,392
144,443
144,687
144,153
144,625
144,544
144,172
145,147
145,690
145,93
145,65
145,892
145,34
145,81
145,610
145,628
145,191
145,343
146,148
146,752
146,208
146,938
146,851
146,917
146,806
146,537
146,844
146,848
146,891
147,149
147,913
147,683
147,50
147,658
147,963
147,709
147,987
147,973
147,247
147,513
148,150
148,764
148,206
148,634
148,571
148,370
148,607
148,963
148,42
148,496
148,996
149,151
149,199
149,253
149,153
149,426
149,958
149,869
149,879
149,391
149,858
149,932
150,152
150,23
150,682
150,774
150,486
150,570
150,752
150,37
150,241
150,200
150,767
151,153
151,718
151,94
151,342
151,780
151,466
151,799
151,864
151,596
151,113
151,434
152,154
152,409
152,267
152,270
152,219
152,521
152,129
152,247
152,268
152,584
152,185
153,155
153,336
153,41
153,961
153,332
153,951
153,241
153,616
153,863
153,992
153,442
154,156
154,696
154,830
154,764
154,920
154,27
154,246
154,832
154,792
154,857
154,697
155,157
155,153
155,394
155,201
155,920
155,350
155,914
155,765
155,713
155,889
155,103
156,158
156,706
156,636
156,960
156,779
156,696
156,936
156,827
156,814
156,539
156,236
157,159
157,208
157,633
157,845
157,147
157,202
157,240
157,796
157,856
157,589
157,907
158,160
158,686
158,832
158,546
158,535
158,661
158,858
158,575
158,627
158,718
158,957
159,161
159,774
159,13
159,688
159,28
159,58
159,233
159,295
159,443
159,420
159,283
160,162
160,495
160,54
160,812
160,800
160,2
160,254
160,518
160,733
160,626
160,60
161,163
161,688
161,970
161,971
161,97
161,460
161,878
161,307
161,833
161,255
161,319
162,164
162,131
162,170
162,722
162,586
162,958
162,642
162,836
162,895
162,871
162,329
163,165
163,704
163,776
163,8
163,42
163,987
163,16
163,844
163,745
163,882
163,531
164,166
164,545
164,767
164,45
164,560
164,24
164,42
164,199
164,778
164,567
164,715
165,167
165,234
165,356
165,219
165,797
165,222
165,161
165,37
165,373
165,537
165,822
166,168
166,243
166,750
166,678
166,512
166,624
166,384
166,729
166,594
166,49
166,150
167,169
167,602
167,822
167,805
167,947
167,364
167,652
167,665
167,794
167,145
167,57
168,170
168,567
168,15
168,567
168,915
168,418
168,691
168,479
168,589
168,2
168,888
169,171
169,979
169,51
169,471
169,849
169,556
169,908
169,726
169,368
169,620
169,893
170,172
170,45
170,307
170,291
170,985
170,520
170,582
170,769
170,149
170,737
170,163
171,173
171,694
171,386
171,210
171,911
171,196
171,784
171,254
171,724
171,784
171,386
172,174
172,240
172,816
172,934
172,218
172,365
172,320
172,534
172,462
172,929
172,297
173,175
173,230
173,943
173,67
173,519
173,184
173,585
173,505
173,432
173,406
173,125
174,176
174,908
174,327
174,668
174,95
174,651
174,132
174,236
174,780
174,957
174,364
175,177
175,4
175,983
175,931
175,387
175,313
175,25
175,583
175,68
175,301
175,859
176,178
176,61
176,482
176,764
176,836
176,35
176,691
176,439
176,623
176,432
176,881
177,179
177,404
177,111
177,299
177,105
177,80
177,440
177,506
177,394
177,163
177,801
178,180
178,394
178,633
178,966
178,516
178,925
178,485
178,147
178,823
178,352
178,748
179,181
179,109
179,312
179,869
179,751
179,48
179,394
179,371
179,525
179,896
179,712
180,182
180,529
180,692
180,222
180,259
180,400
180,579
180,561
180,15
180,842
180,40
181,183
181,756
181,127
181,958
181,559
181,420
181,880
181,111
181,414
181,665
181,875
182,184
182,610
182,759
182,84
182,731
182,947
182,393
182,631
182,866
182,294
182,386
183,185
183,571
183,455
183,412
183,960
183,914
183,45
183,812
183,672
183,415
183,595
184,186
184,886
184,191
184,978
184,798
184,448
184,509
184,89
184,802
184,597
184,817
185,187
185,168
185,283
185,783
185,232
185,344
185,143
185,78
185,796
185,95
185,931
186,188
186,317
186,845
186,643
186,175
186,412
186,425
186,587
186,717
186,954
186,757
187,189
187,213
187,564
187,839
187,885
187,541
187,878
187,312
187,102
187,950
187,691
188,190
188,558
188,822
188,310
188,267
188,907
188,373
188,369
188,970
188,799
188,997
189,191
189,522
189,682
189,819
189,96
189,705
189,661
189,740
189,827
189,151
189,275
190,192
190,907
190,517
190,870
190,738
190,26
190,291
190,29
190,721
190,246
190,521
191,193
191,683
191,929
191,413
191,598
191,764
191,911
191,9
191,402
191,481
191,264
192,194
192,609
192,724
192,123
192,391
192,968
192,414
192,51
192,667
192,920
192,441
193,195
193,869
193,69
193,64
193,306
193,373
193,386
193,232
193,120
193,998
193,228
194,196
194,112
194,241
194,653
194,572
194,668
194,138
194,887
194,41
194,400
194,201
195,197
195,621
195,833
195,285
195,57
195,120
195,9
195,457
195,971
195,528
195,916
196,198
196,285
196,33
196,488
196,566
196,249
196,497
196,388
196,663
196,265
196,101
197,199
197,622
197,92
197,590
197,516
197,596
197,952
197,130
197,651
197,540
197,14
198,200
198,814
198,31
198,850
198,370
198,403
198,62
198,462
198,768
198,73
198,349
199,201
199,156
199,386
199,921
199,368
199,166
199,474
199,553
199,826
199,206
199,328
200,202
200,558
200,460
200,94
200,720
200,262
200,556
200,795
200,380
200,205
200,563
201,203
201,499
201,199
201,865
201,995
201,518
201,1000
201,726
201,31
201,519
201,894
202,204
202,584
202,638
202,350
202,492
202,39
202,588
202,351
202,756
202,348
202,173
203,205
203,317
203,189
203,925
203,400
203,766
203,57
203,926
203,174
203,904
203,649
204,206
204,261
204,792
204,461
204,470
204,267
204,524
204,821
204,50
204,605
204,240
205,207
205,330
205,244
205,302
205,886
205,844
205,738
205,74
205,87
205,932
205,161
206,208
206,20
206,173
206,445
206,837
206,78
206,892
206,628
206,715
206,607
206,325
207,209
207,750
207,139
207,781
207,169
207,79
207,831
207,560
207,481
207,903
207,87
208,210
208,221
208,273
208,507
208,490
208,398
208,514
208,722
208,735
208,603
208,650
209,211
209,914
209,99
209,898
209,591
209,389
209,941
209,700
209,661
209,107
209,436
210,212
210,997
210,218
210,328
210,718
210,963
210,469
210,775
210,706
210,983
210,95
211,213
211,670
211,12
211,262
211,47
211,353
211,163
211,351
211,505
211,153
211,711
212,214
212,588
212,761
212,402
212,660
212,785
212,416
212,238
212,902
212,823
212,28
213,215
213,685
213,894
213,369
213,843
213,849
213,330
213,674
213,935
213,450
213,378
214,216
214,711
214,846
214,823
214,507
214,858
214,1000
214,522
214,357
214,533
214,643
215,217
215,197
215,114
215,982
215,51
215,314
215,420
215,999
215,873
215,624
215,781
216,218
216,341
216,445
216,260
216,198
216,407
216,443
216,564
216,368
216,636
216,504
217,219
217,114
217,488
217,251
217,672
217,245
217,947
217,429
217,530
217,571
217,644
218,220
218,817
218,755
218,131
218,102
218,406
218,865
218,337
218,307
218,835
218,999
219,221
219,253
219,146
219,222
219,984
219,375
219,712
219,849
219,424
219,337
219,87
220,222
220,28
220,899
220,322
220,316
220,533
220,290
220,634
220,778
220,872
220,302
221,223
221,655
221,41
221,914
221,769
221,888
221,369
221,214
221,311
221,987
221,766
222,224
222,917
222,898
222,225
222,840
222,619
222,334
222,303
222,548
222,14
222,434
223,225
223,215
223,926
223,400
223,41
223,40
223,456
223,822
223,629
223,111
223,964
224,226
224,517
224,249
224,559
224,632
224,633
224,478
224,524
224,10
224,131
224,383
225,227
225,966
225,538
225,56
225,808
225,649
225,688
225,809
225,358
225,936
225,397
226,228
226,296
226,981
226,750
226,465
226,833
226,781
226,134
226,394
226,498
226,516
227,229
227,149
227,769
227,730
227,930
227,274
227,28
227,713
227,406
227,441
227,949
228,230
228,145
228,763
228,35
228,35
228,314
228,676
228,555
228,812
228,916
228,976
229,231
229,743
229,195
229,847
229,821
229,746
229,890
229,138
229,841
229,759
229,247
230,232
230,403
230,634
230,251
230,929
230,492
230,456
230,821
230,759
230,77
230,646
231,233
231,739
231,185
231,480
231,988
231,799
231,521
231,519
231,335
231,318
231,451
232,234
232,809
232,168
232,628
232,163
232,436
232,814
232,629
232,558
232,727
232,730
233,235
233,146
233,34
233,621
233,756
233,526
233,276
233,460
233,209
233,74
233,152
234,236
234,477
234,244
234,492
234,694
234,522
234,10
234,429
234,388
234,213
234,46
235,237
235,720
235,755
235,115
235,443
235,559
235,972
235,394
235,8
235,387
235,899
236,238
236,914
236,730
236,421
236,681
236,857
236,671
236,441
236,81
236,879
236,444
237,239
237,211
237,473
237,643
237,153
237,997
237,343
237,815
237,688
237,639
237,31
238,240
238,412
238,649
238,597
238,354
238,597
238,737
238,218
238,538
238,280
238,35
239,241
239,721
239,864
239,739
239,756
239,95
239,692
239,525
239,608
239,332
239,165
240,242
240,573
240,760
240,26
240,303
240,83
240,2
240,729
240,161
240,150
240,635
241,243
241,496
241,874
241,375
241,329
241,633
241,700
241,582
241,164
241,283
241,681
242,244
242,730
242,916
242,155
242,315
242,282
242,4
242,447
242,601
242,658
242,992
243,245
243,775
243,574
243,597
243,139
243,471
243,795
243,703
243,265
243,681
243,769
244,246
244,837
244,286
244,140
244,687
244,890
244,930
244,540
244,683
244,936
244,374
245,247
245,658
245,279
245,510
245,305
245,279
245,207
245,247
245,586
245,532
245,833
246,248
246,919
246,448
246,466
246,225
246,408
246,334
246,65
246,544
246,386
246,359
247,249
247,996
247,934
247,75
247,497
247,868
247,583
247,951
247,22
247,668
247,671
248,250
248,181
248,274
248,361
248,90
248,148
248,114
248,266
248,707
248,496
248,902
249,251
249,124
249,521
249,585
249,480
249,383
249,295
249,963
249,274
249,615
249,446
250,252
250,229
250,99
250,87
250,319
250,52
250,26
250,190
250,872
250,373
250,177
251,253
251,483
251,459
251,618
251,105
251,636
251,811
251,343
251,978
251,272
251,881
252,254
252,96
252,310
252,999
252,877
252,63
252,65
252,128
252,466
252,433
252,660
253,255
253,682
253,429
253,631
253,217
253,919
253,500
253,10
253,672
253,790
253,621
254,256
254,207
254,899
254,434
254,237
254,194
254,435
254,119
254,265
254,175
254,572
255,257
255,817
255,783
255,339
255,656
255,250
255,70
255,243
255,761
255,569
255,632
256,258
256,718
256,561
256,505
256,629
256,350
256,681
256,181
256,545
256,44
256,299
257,259
257,965
257,736
257,713
257,802
257,486
257,614
257,123
257,768
257,481
257,619
258,260
258,982
258,197
258,152
258,764
258,69
258,469
258,528
258,825
258,157
258,386
259,261
259,260
259,816
259,580
259,843
259,324
259,429
259,627
259,945
259,460
259,63
260,262
260,78
260,535
260,960
260,744
260,995
260,977
260,771
260,805
260,351
260,496
261,263
261,281
261,119
261,784
261,767
261,862
261,63
261,180
261,78
261,806
261,786
262,264
262,665
262,65
262,155
262,799
262,14
262,102
262,811
262,814
262,672
262,518
263,265
263,584
263,9
263,651
263,254
263,307
263,84
263,23
263,810
263,828
263,61
264,266
264,471
264,78
264,905
264,696
264,319
264,738
264,525
264,311
264,802
264,668
265,267
265,901
265,930
265,539
265,112
265,88
265,699
265,341
265,885
265,825
265,13
266,268
266,48
266,441
266,194
266,902
266,577
266,714
266,719
266,650
266,826
266,95
267,269
267,767
267,160
267,803
267,814
267,739
267,106
267,926
267,47
267,109
267,989
268,270
268,6
268,878
268,239
268,266
268,254
268,724
268,157
268,82
268,37
268,309
269,271
269,254
269,764
269,491
269,424
269,929
269,539
269,593
269,898
269,467
269,136
270,272
270,946
270,494
270,816
270,571
270,118
270,694
270,956
270,54
270,259
270,234
271,273
271,603
271,169
271,315
271,836
271,751
271,320
271,407
271,208
271,762
271,786
272,274
272,915
272,318
272,744
272,295
272,261
272,591
272,930
272,186
272,819
272,874
273,275
273,846
273,155
273,493
273,626
273,682
273,333
273,554
273,395
273,504
273,656
274,276
274,712
274,180
274,412
274,218
274,873
274,930
274,791
274,205
274,820
274,517
275,277
275,293
275,650
275,704
275,370
275,217
275,512
275,702
275,366
275,594
275,480
276,278
276,477
276,511
276,738
276,285
276,464
276,241
276,291
276,177
276,771
276,91
277,279
277,802
277,875
277,659
277,795
277,827
277,53
277,398
277,66
277,757
277,717
278,280
278,315
278,91
278,716
278,513
278,16
278,572
278,208
278,795
278,537
278,676
279,281
279,125
279,843
279,620
279,178
279,161
279,882
279,905
279,477
279,250
279,81
280,282
280,589
280,777
280,251
280,394
280,697
280,610
280,124
280,819
280,420
280,19
281,283
281,765
281,204
281,568
281,430
281,525
281,483
281,210
281,649
281,560
281,610
282,284
282,365
282,130
282,483
282,852
282,301
282,885
282,36
282,389
282,308
282,877
283,285
283,996
283,231
283,606
283,657
283,486
283,232
283,577
283,889
283,208
283,224
284,286
284,526
284,198
284,463
284,644
284,564
284,481
284,227
284,114
284,256
284,760
285,287
285,571
285,400
285,840
285,675
285,83
285,160
285,850
285,104
285,209
285,36
286,288
286,528
286,811
286,849
286,268
286,408
286,6
286,83
286,500
286,466
286,880
287,289
287,809
287,20
287,199
287,211
287,216
287,495
287,379
287,800
287,313
287,333
288,290
288,233
288,562
288,315
288,682
288,994
288,531
288,142
288,121
288,190
288,509
289,291
289,838
289,649
289,943
289,594
289,947
289,605
289,181
289,269
289,665
289,248
290,292
290,74
290,130
290,321
290,616
290,719
290,993
290,971
290,832
290,553
290,483
291,293
291,894
291,219
291,156
291,903
291,581
291,851
291,235
291,42
291,34
291,682
292,294
292,949
292,339
292,374
292,586
292,11
292,101
292,625
292,893
292,445
292,578
293,295
293,761
293,464
293,203
293,673
293,462
293,313
293,529
293,889
293,904
293,375
294,296
294,240
294,204
294,90
294,484
294,673
294,251
294,139
294,474
294,2
294,961
295,297
295,743
295,703
295,406
295,785
295,538
295,280
295,119
295,671
295,638
295,391
296,298
296,288
296,326
296,973
296,85
296,907
296,3
296,102
296,383
296,831
296,328
297,299
297,270
297,885
297,453
297,733
297,368
297,574
297,619
297,305
297,857
297,749
298,300
298,806
298,505
298,629
298,734
298,645
298,849
298,559
298,290
298,666
298,479
299,301
299,918
299,407
299,374
299,992
299,973
299,818
299,788
299,145
299,898
299,72
300,302
300,652
300,263
300,227
300,28
300,534
300,343
300,67
300,791
300,935
300,256
301,303
301,993
301,855
301,618
301,845
301,130
301,799
301,192
301,766
301,644
301,12
302,304
302,480
302,172
302,954
302,427
302,692
302,18
302,909
302,207
302,465
302,398
303,305
303,219
303,838
303,967
303,197
303,919
303,921
303,937
303,760
303,805
303,425
304,306
304,729
304,820
304,853
304,455
304,239
304,731
304,204
304,565
304,35
304,827
305,307
305,775
305,928
305,744
305,42
305,386
305,627
305,116
305,650
305,346
305,964
306,308
306,232
306,949
306,215
306,79
306,565
306,60
306,589
306,454
306,762
306,944
307,309
307,729
307,375
307,27
307,768
307,976
307,358
307,174
307,760
307,354
307,962
308,310
308,648
308,329
308,80
308,873
308,710
308,309
308,331
308,588
308,237
308,402
309,311
309,324
309,296
309,308
309,472
309,263
309,128
309,839
309,215
309,197
309,855
310,312
310,687
310,14
310,99
310,172
310,379
310,616
310,842
310,441
310,703
310,102
311,313
311,264
311,319
311,415
311,62
311,598
311,620
311,489
311,995
311,63
311,498
312,314
312,643
312,939
312,135
312,146
312,737
312,646
312,972
312,530
312,152
312,976
313,315
313,595
313,217
313,398
313,919
313,15
313,216
313,484
313,630
313,452
313,614
314,316
314,116
314,289
314,186
314,691
314,471
314,301
314,109
314,378
314,671
314,270
315,317
315,359
315,771
315,816
315,622
315,1000
315,226
315,66
315,603
315,222
315,128
316,318
316,18
316,928
316,719
316,198
316,272
316,12
316,628
316,331
316,459
316,43
317,319
317,849
317,163
317,339
317,422
317,747
317,95
317,547
317,784
317,391
317,483
318,320
318,492
318,741
318,77
318,388
318,270
318,533
318,84
318,611
318,331
318,648
319,321
319,453
319,451
319,525
319,721
319,344
319,5
319,224
319,503
319,166
319,515
320,322
320,738
320,410
320,458
320,867
320,11
320,399
320,15
320,340
320,737
320,442
321,323
321,390
321,470
321,158
321,463
321,407
321,955
321,519
321,694
321,630
321,874
322,324
322,790
322,497
322,202
322,866
322,736
322,90
322,109
322,254
322,155
322,722
323,325
323,340
323,133
323,720
323,49
323,401
323,969
323,453
323,694
323,657
323,62
324,326
324,145
324,145
324,521
324,918
324,327
324,678
324,343
324,430
324,776
324,747
325,327
325,710
325,744
325,786
325,232
325,730
325,707
325,245
325,940
325,582
325,3
326,328
326,430
326,962
326,287
326,580
326,369
326,573
326,207
326,609
326,84
326,28
327,329
327,895
327,137
327,903
327,682
327,955
327,440
327,726
327,321
327,259
327,590
328,330
328,115
328,677
328,335
328,849
328,734
328,933
328,125
328,595
328,960
328,696
329,331
329,371
329,358
329,375
329,414
329,58
329,59
329,978
329,410
329,483
329,844
330,332
330,748
330,281
330,356
330,908
330,144
330,942
330,736
330,864
330,955
330,611
331,333
331,979
331,137
331,200
331,307
331,965
331,629
331,480
331,82
331,772
331,541
332,334
332,240
332,573
332,239
332,627
332,927
332,880
332,943
332,418
332,677
332,385
333,335
333,813
333,917
333,825
333,727
333,556
333,104
333,317
333,843
333,932
333,656
334,336
334,860
334,589
334,523
334,271
334,966
334,234
334,208
334,370
334,62
334,614
335,337
335,758
335,929
335,774
335,263
335,438
335,490
335,993
335,268
335,759
335,130
336,338
336,977
336,364
336,583
336,156
336,97
336,90
336,245
336,485
336,769
336,969
337,339
337,519
337,897
337,762
337,312
337,328
337,24
337,431
337,982
337,310
337,384
338,340
338,863
338,431
338,848
338,160
338,916
338,843
338,950
338,879
338,228
338,678
339,341
339,110
339,471
339,270
339,76
339,888
339,35
339,321
339,846
339,671
339,630
340,342
340,264
340,893
340,579
340,470
340,939
340,838
340,112
340,784
340,593
340,30
341,343
341,287
341,449
341,927
341,173
341,30
341,395
341,596
341,265
341,259
341,676
342,344
342,893
342,947
342,340
342,312
342,558
342,520
342,271
342,820
342,582
342,682
343,345
343,906
343,491
343,619
343,469
343,797
343,143
343,128
343,519
343,162
343,972
344,346
344,972
344,74
344,324
344,701
344,631
344,691
344,159
344,79
344,272
344,165
345,347
345,202
345,828
345,223
345,48
345,799
345,111
345,911
345,184
345,926
345,618
346,348
346,416
346,932
346,190
346,255
346,597
346,110
346,670
346,701
346,400
346,394
347,349
347,930
347,264
347,545
347,891
347,236
347,800
347,808
347,940
347,285
347,101
348,350
348,459
348,352
348,308
348,889
348,33
348,261
348,907
348,470
348,504
348,464
349,351
349,482
349,692
349,336
349,9
349,303
349,187
349,662
349,966
349,306
349,844
350,352
350,789
350,636
350,57
350,926
350,395
350,177
350,627
350,189
350,838
350,348
351,353
351,61
351,182
351,198
351,188
351,21
351,248
351,488
351,390
351,628
351,442
352,354
352,549
352,310
352,610
352,755
352,956
352,1000
352,48
352,708
352,741
352,782
353,355
353,670
353,738
353,767
353,493
353,537
353,809
353,547
353,529
353,291
353,778
354,356
354,318
354,838
354,189
354,64
354,925
354,105
354,336
354,438
354,964
354,165
355,357
355,262
355,977
355,104
355,110
355,148
355,181
355,203
355,761
355,267
355,277
356,358
356,475
356,646
356,741
356,908
356,671
356,838
356,825
356,644
356,249
356,283
357,359
357,161
357,793
357,679
357,764
357,13
357,495
357,334
357,496
357,853
357,187
358,360
358,588
358,486
358,397
358,936
358,781
358,821
358,385
358,748
358,263
358,514
359,361
359,930
359,625
359,203
359,819
359,796
359,919
359,232
359,681
359,862
359,682
360,362
360,642
360,122
360,972
360,69
360,750
360,826
360,8
360,326
360,466
360,401
361,363
361,81
361,148
361,190
361,835
361,975
361,175
361,721
361,397
361,106
361,828
362,364
362,367
362,510
362,173
362,569
362,746
362,547
362,614
362,733
362,673
362,57
363,365
363,578
363,261
363,602
363,104
363,441
363,105
363,687
363,880
363,50
363,80
364,366
364,269
364,446
364,887
364,589
364,818
364,35
364,81
364,515
364,196
364,662
365,367
365,841
365,544
365,734
365,742
365,541
365,672
365,326
365,995
365,683
365,843
366,368
366,341
366,373
366,131
366,56
366,829
366,288
366,285
366,511
366,211
366,794
367,369
367,751
367,901
367,880
367,677
367,51
367,971
367,488
367,865
367,511
367,712
368,370
368,460
368,886
368,331
368,690
368,832
368,201
368,319
368,966
368,355
368,452
369,371
369,402
369,852
369,315
369,473
369,173
369,800
369,725
369,273
369,436
369,247
370,372
370,149
370,458
370,734
370,566
370,60
370,164
370,575
370,302
370,28
370,858
371,373
371,648
371,578
371,222
371,822
371,360
371,327
371,27
371,223
371,926
371,396
372,374
372,161
372,897
372,119
372,814
372,885
372,971
372,363
372,210
372,186
372,240
373,375
373,827
373,413
373,620
373,994
373,75
373,117
373,173
373,717
373,834
373,293
374,376
374,900
374,362
374,214
374,345
374,75
374,308
374,177
374,816
374,117
374,140
375,377
375,586
375,83
375,935
375,885
375,63
375,24
375,999
375,446
375,673
375,68
376,378
376,236
376,573
376,91
376,95
376,337
376,288
376,307
376,548
376,576
376,544
377,379
377,159
377,264
377,105
377,321
377,651
377,975
377,469
377,539
377,636
377,393
378,380
378,338
378,415
378,13
378,121
378,978
378,643
378,156
378,808
378,873
378,109
379,381
379,51
379,121
379,37
379,947
379,275
379,742
379,969
379,138
379,313
379,267
380,382
380,488
380,735
380,759
380,486
380,391
380,991
380,625
380,185
380,849
380,602
381,383
381,170
381,995
381,339
381,813
381,442
381,171
381,291
381,405
381,798
381,680
382,384
382,532
382,214
382,359
382,242
382,192
382,512
382,921
382,253
382,833
382,583
383,385
383,31
383,360
383,16
383,150
383,548
383,49
383,539
383,945
383,221
383,716
384,386
384,287
384,9
384,635
384,792
384,792
384,341
384,78
384,199
384,872
384,813
385,387
385,625
385,432
385,144
385,493
385,740
385,386
385,743
385,158
385,583
385,46
386,388
386,618
386,371
386,301
386,349
386,153
386,871
386,376
386,665
386,911
386,466
387,389
387,913
387,777
387,749
387,122
387,683
387,55
387,58
387,240
387,28
387,992
388,390
388,926
388,481
388,131
388,69
388,837
388,472
388,179
388,335
388,434
388,324
389,391
389,726
389,950
389,763
389,727
389,46
389,467
389,55
389,463
389,634
389,16
390,392
390,882
390,438
390,862
390,410
390,97
390,675
390,398
390,181
390,189
390,322
391,393
391,851
391,248
391,890
391,940
391,896
391,440
391,458
391,493
391,190
391,907
392,394
392,451
392,162
392,321
392,677
392,449
392,462
392,774
392,155
392,996
392,34
393,395
393,552
393,638
393,615
393,342
393,607
393,648
393,343
393,327
393,284
393,61
394,396
394,242
394,892
394,799
394,800
394,735
394,974
394,421
394,629
394,195
394,324
395,397
395,195
395,945
395,189
395,870
395,174
395,759
395,447
395,421
395,594
395,544
396,398
396,428
396,205
396,231
396,987
396,823
396,575
396,914
396,832
396,666
396,779
397,399
397,158
397,604
397,737
397,809
397,847
397,230
397,962
397,223
397,275
397,742
398,400
398,692
398,575
398,722
398,653
398,36
398,987
398,785
398,916
398,9
398,361
399,401
399,508
399,909
399,251
399,622
399,930
399,561
399,348
399,943
399,449
399,944
400,402
400,918
400,392
400,890
400,196
400,49
400,253
400,338
400,199
400,641
400,146
401,403
401,597
401,426
401,966
401,588
401,134
401,108
401,189
401,300
401,917
401,391
402,404
402,660
402,788
402,361
402,956
402,18
402,409
402,392
402,242
402,447
402,148
403,405
403,677
403,878
403,527
403,981
403,363
403,792
403,925
403,241
403,467
403,623
404,406
404,280
404,426
404,429
404,121
404,38
404,715
404,140
404,882
404,38
404,308
405,407
405,362
405,125
405,546
405,488
405,863
405,640
405,185
405,626
405,17
405,944
406,408
406,746
406,58
406,769
406,420
406,548
406,940
406,233
406,271
406,117
406,763
407,409
407,66
407,358
407,235
407,528
407,30
407,958
407,396
407,136
407,440
407,497
408,410
408,617
408,365
408,716
408,276
408,995
408,922
408,744
408,65
408,910
408,282
409,411
409,722
409,75
409,110
409,711
409,505
409,918
409,400
409,123
409,590
409,244
410,412
410,373
410,164
410,570
410,564
410,170
410,459
410,88
410,800
410,478
410,277
411,413
411,166
411,491
411,350
411,375
411,898
411,833
411,654
411,538
411,8
411,201
412,414
412,182
412,985
412,574
412,795
412,581
412,770
412,980
412,806
412,53
412,314
413,415
413,2
413,65
413,614
413,783
413,533
413,621
413,825
413,238
413,869
413,826
414,416
414,755
414,183
414,343
414,873
414,52
414,908
414,137
414,533
414,599
414,967
415,417
415,950
415,673
415,417
415,322
415,825
415,454
415,983
415,434
415,656
415,300
416,418
416,651
416,59
416,855
416,134
416,768
416,8
416,255
416,100
416,287
416,569
417,419
417,620
417,894
417,34
417,68
417,78
417,945
417,346
417,373
417,259
417,290
418,420
418,249
418,309
418,152
418,358
418,229
418,542
418,289
418,528
418,38
418,80
419,421
419,44
419,113
419,609
419,62
419,205
419,635
419,315
419,797
419,757
419,796
420,422
420,89
420,879
420,93
420,493
420,146
420,333
420,427
420,554
420,639
420,919
421,423
421,84
421,789
421,149
421,839
421,244
421,904
421,849
421,258
421,29
421,381
422,424
422,26
422,673
422,472
422,878
422,737
422,592
422,944
422,898
422,548
422,533
423,425
423,2
423,189
423,107
423,801
423,27
423,58
423,640
423,862
423,823
423,420
424,426
424,816
424,893
424,390
424,176
424,694
424,203
424,984
424,277
424,330
424,591
425,427
425,673
425,822
425,94
425,593
425,165
425,161
425,88
425,878
425,572
425,292
426,428
426,68
426,442
426,895
426,143
426,605
426,99
426,709
426,271
426,184
426,915
427,429
427,267
427,778
427,384
427,54
427,233
427,916
427,617
427,615
427,114
427,165
428,430
428,947
428,330
428,520
428,218
428,393
428,331
428,145
428,593
428,663
428,905
429,431
429,390
429,321
429,211
429,295
429,951
429,693
429,136
429,837
429,166
429,776
430,432
430,242
430,966
430,815
430,982
430,120
430,906
430,319
430,783
430,767
430,988
431,433
431,585
431,36
431,387
431,500
431,862
431,310
431,191
431,665
431,679
431,612
432,434
432,633
432,974
432,237
432,592
432,116
432,662
432,120
432,557
432,635
432,892
433,435
433,625
433,960
433,245
433,799
433,337
433,310
433,64
433,708
433,586
433,683
434,436
434,903
434,655
434,83
434,210
434,901
434,225
434,466
434,149
434,387
434,639
435,437
435,223
435,556
435,497
435,814
435,511
435,463
435,752
435,270
435,260
435,954
436,438
436,792
436,778
436,883
436,872
436,808
436,271
436,845
436,337
436,756
436,543
437,439
437,457
437,1000
437,51
437,656
437,878
437,717
437,489
437,579
437,148
437,597
438,440
438,64
438,238
438,6
438,172
438,885
438,320
438,729
438,485
438,29
438,494
439,441
439,268
439,902
439,226
439,215
439,703
439,805
439,515
439,824
439,465
439,12
440,442
440,122
440,369
440,917
440,498
440,139
440,703
440,991
440,469
440,852
440,345
441,443
441,248
441,933
441,87
441,27
441,116
441,707
441,433
441,589
441,753
441,874
442,444
442,845
442,904
442,932
442,527
442,236
442,604
442,751
442,727
442,815
442,825
443,445
443,5
443,685
443,35
443,11
443,659
443,604
443,262
443,345
443,815
443,845
444,446
444,511
444,180
444,805
444,578
444,764
444,206
444,962
444,326
444,624
444,844
445,447
445,337
445,641
445,200
445,713
445,295
445,270
445,454
445,395
445,217
445,494
446,448
446,960
446,34
446,743
446,770
446,173
446,148
446,920
446,699
446,854
446,98
447,449
447,7
447,257
447,235
447,598
447,1000
447,956
447,832
447,399
447,185
447,468
448,450
448,239
448,778
448,462
448,392
448,82
448,485
448,586
448,626
448,526
448,787
449,451
449,948
449,861
449,997
449,974
449,430
449,719
449,180
449,881
449,739
449,666
450,452
450,865
450,593
450,764
450,347
450,818
450,932
450,197
450,389
450,73
450,160
451,453
451,728
451,792
451,887
451,950
451,553
451,117
451,359
451,491
451,969
451,316
452,454
452,502
452,926
452,920
452,804
452,986
452,829
452,641
452,104
452,83
452,423
453,455
453,657
453,847
453,520
453,590
453,916
453,610
453,244
453,553
453,443
453,358
454,456
454,634
454,25
454,686
454,293
454,863
454,764
454,309
454,848
454,296
454,404
455,457
455,416
455,220
455,550
455,166
455,148
455,541
455,940
455,391
455,577
455,445
456,458
456,285
456,864
456,182
456,162
456,734
456,556
456,680
456,871
456,315
456,630
457,459
457,807
457,52
457,503
457,774
457,992
457,682
457,399
457,479
457,438
457,180
458,460
458,98
458,897
458,494
458,113
458,655
458,109
458,678
458,212
458,471
458,206
459,461
459,20
459,761
459,485
459,493
459,721
459,376
459,555
459,32
459,306
459,414
460,462
460,754
460,409
460,914
460,23
460,295
460,891
460,981
460,579
460,761
460,691
461,463
461,665
461,60
461,190
461,447
461,8
461,814
461,999
461,956
461,834
461,9
462,464
462,374
462,383
462,896
462,907
462,418
462,518
462,718
462,442
462,186
462,151
463,465
463,738
463,426
463,715
463,57
463,574
463,824
463,581
463,24
463,483
463,441
464,466
464,608
464,468
464,882
464,831
464,718
464,119
464,908
464,702
464,458
464,906
465,467
465,54
465,558
465,47
465,360
465,458
465,717
465,284
465,930
465,970
465,705
466,468
466,317
466,208
466,208
466,522
466,834
466,112
466,663
466,700
466,933
466,610
467,469
467,450
467,428
467,687
467,953
467,233
467,739
467,152
467,826
467,143
467,502
468,470
468,270
468,877
468,352
468,861
468,407
468,84
468,422
468,6
468,251
468,517
469,471
469,370
469,986
469,914
469,739
469,218
469,687
469,316
469,250
469,583
469,690
470,472
470,226
470,15
470,357
470,564
470,318
470,662
470,273
470,30
470,481
470,410
471,473
471,939
471,237
471,373
471,684
471,585
471,378
471,301
471,269
471,884
471,664
472,474
472,642
472,810
472,76
472,421
472,236
472,583
472,497
472,382
472,762
472,47
473,475
473,248
473,825
473,982
473,650
473,1000
473,675
473,781
473,707
473,757
473,517
474,476
474,677
474,141
474,542
474,951
474,112
474,62
474,431
474,573
474,271
474,623
475,477
475,282
475,86
475,664
475,892
475,433
475,460
475,57
475,990
475,559
475,560
476,478
476,45
476,102
476,624
476,928
476,362
476,614
476,821
476,813
476,240
476,297
477,479
477,315
477,894
477,168
477,226
477,500
477,6
477,79
477,935
477,476
477,681
478,480
478,893
478,941
478,87
478,400
478,413
478,741
478,832
478,192
478,562
478,706
479,481
479,356
479,555
479,485
479,272
479,248
479,690
479,746
479,191
479,161
479,529
480,482
480,270
480,959
480,277
480,514
480,635
480,943
480,429
480,940
480,989
480,901
481,483
481,733
481,595
481,467
481,816
481,536
481,585
481,244
481,160
481,404
481,383
482,484
482,924
482,307
482,964
482,299
482,824
482,187
482,740
482,548
482,450
482,103
483,485
483,639
483,566
483,620
483,104
483,143
483,829
483,895
483,805
483,530
483,110
484,486
484,111
484,284
484,459
484,181
484,894
484,423
484,548
484,464
484,277
484,889
485,487
485,200
485,388
485,543
485,907
485,240
485,394
485,804
485,676
485,944
485,233
486,488
486,810
486,970
486,734
486,330
486,966
486,162
486,135
486,102
486,862
486,44
487,489
487,330
487,161
487,428
487,611
487,680
487,58
487,912
487,389
487,610
487,153
488,490
488,80
488,794
488,442
488,895
488,753
488,621
488,793
488,97
488,84
488,559
489,491
489,250
489,756
489,263
489,818
489,737
489,509
489,230
489,391
489,780
489,370
490,492
490,1
490,988
490,479
490,205
490,675
490,629
490,20
490,224
490,795
490,617
491,493
491,615
491,15
491,540
491,897
491,59
491,947
491,181
491,550
491,226
491,580
492,494
492,210
492,1
492,908
492,156
492,136
492,343
492,23
492,381
492,468
492,298
493,495
493,768
493,591
493,759
493,604
493,40
493,819
493,625
493,854
493,853
493,977
494,496
494,451
494,564
494,506
494,433
494,836
494,112
494,399
494,457
494,649
494,81
495,497
495,833
495,480
495,634
495,93
495,832
495,571
495,650
495,422
495,99
495,946
496,498
496,403
496,417
496,63
496,527
496,890
496,61
496,85
496,264
496,31
496,943
497,499
497,989
497,961
497,468
497,894
497,999
497,836
497,187
497,552
497,342
497,625
498,500
498,320
498,934
498,232
498,409
498,146
498,981
498,796
498,260
498,310
498,413
499,501
499,538
499,165
499,616
499,355
499,816
499,549
499,69
499,737
499,117
499,160
500,502
500,49
500,487
500,905
500,921
500,188
500,608
500,822
500,932
500,43
500,633
501,503
501,48
501,447
501,584
501,744
501,700
501,769
501,498
501,660
501,136
501,998
502,504
502,23
502,806
502,548
502,516
502,177
502,761
502,147
502,173
502,807
502,414
503,505
503,288
503,748
503,95
503,340
503,796
503,339
503,182
503,924
503,209
503,446
504,506
504,486
504,555
504,954
504,622
504,209
504,221
504,391
504,585
504,750
504,337
505,507
505,592
505,853
505,819
505,730
505,794
505,634
505,151
505,757
505,607
505,221
506,508
506,358
506,223
506,215
506,985
506,111
506,970
506,845
506,598
506,297
506,299
507,509
507,999
507,740
507,46
507,520
507,822
507,127
507,342
507,182
507,601
507,364
508,510
508,316
508,232
508,616
508,283
508,904
508,291
508,425
508,768
508,284
508,233
509,511
509,199
509,131
509,62
509,744
509,735
509,249
509,210
509,908
509,10
509,290
510,512
510,90
510,55
510,684
510,699
510,930
510,840
510,883
510,698
510,442
510,648
511,513
511,610
511,318
511,802
511,671
511,1
511,616
511,276
511,809
511,487
511,998
512,514
512,475
512,533
512,402
512,59
512,747
512,428
512,72
512,102
512,384
512,478
513,515
513,143
513,436
513,785
513,65
513,22
513,46
513,147
513,744
513,388
513,637
514,516
514,216
514,456
514,658
514,319
514,891
514,877
514,784
514,673
514,890
514,271
515,517
515,812
515,19
515,82
515,238
515,457
515,227
515,282
515,303
515,671
515,913
516,518
516,802
516,18
516,570
516,239
516,689
516,131
516,288
516,745
516,279
516,973
517,519
517,412
517,939
517,4
517,351
517,626
517,435
517,168
517,464
517,290
517,617
518,520
518,314
518,948
518,430
518,198
518,622
518,90
518,104
518,144
518,916
518,715
519,521
519,505
519,993
519,197
519,839
519,722
519,622
519,489
519,456
519,745
519,167
520,522
520,939
520,22
520,329
520,44
520,619
520,618
520,433
520,607
520,678
520,142
521,523
521,991
521,218
521,936
521,812
521,648
521,738
521,892
521,317
521,478
521,962
522,524
522,690
522,510
522,532
522,958
522,7
522,516
522,181
522,140
522,420
522,714
523,525
523,76
523,330
523,328
523,56
523,90
523,462
523,108
523,888
523,108
523,71
524,526
524,801
524,342
524,941
524,99
524,997
524,312
524,355
524,112
524,216
524,880
525,527
525,704
525,829
525,15
525,812
525,55
525,209
525,635
525,531
525,459
525,593
526,528
526,246
526,990
526,987
526,623
526,397
526,379
526,192
526,416
526,35
526,132
527,529
527,116
527,29
527,62
527,96
527,106
527,72
527,251
527,168
527,402
527,24
528,530
528,759
528,879
528,663
528,689
528,773
528,517
528,986
528,887
528,760
528,790
529,531
529,433
529,374
529,217
529,417
529,32
529,615
529,164
529,555
529,747
529,403
530,532
530,33
530,266
530,189
530,654
530,274
530,547
530,450
530,509
530,876
530,560
531,533
531,188
531,76
531,806
531,655
531,484
531,948
531,653
531,796
531,48
531,30
532,534
532,132
532,36
532,772
532,154
532,633
532,698
532,218
532,790
532,96
532,430
533,535
533,981
533,624
533,630
533,633
533,857
533,683
533,578
533,18
533,451
533,291
534,536
534,552
534,539
534,686
534,34
534,855
534,881
534,943
534,939
534,504
534,202
535,537
535,777
535,53
535,863
535,455
535,253
535,620
535,474
535,723
535,619
535,465
536,538
536,169
536,753
536,809
536,286
536,624
536,551
536,720
536,872
536,369
536,727
537,539
537,767
537,115
537,922
537,371
537,507
537,555
537,818
537,834
537,253
537,864
538,540
538,326
538,71
538,382
538,312
538,130
538,640
538,927
538,492
538,726
538,447
539,541
539,879
539,537
539,397
539,915
539,683
539,87
539,435
539,476
539,386
539,786
540,542
540,747
540,963
540,431
540,696
540,19
540,85
540,441
540,954
540,880
540,656
541,543
541,158
541,928
541,61
541,793
541,261
541,733
541,947
541,751
541,921
541,125
542,544
542,751
542,74
542,712
542,464
542,758
542,397
542,912
542,282
542,452
542,607
543,545
543,637
543,428
543,472
543,375
543,747
543,171
543,243
543,682
543,920
543,722
544,546
544,697
544,749
544,190
544,806
544,664
544,771
544,874
544,637
544,273
544,359
545,547
545,683
545,219
545,255
545,144
545,132
545,541
545,261
545,92
545,133
545,561
546,548
546,689
546,403
546,594
546,73
546,6
546,263
546,54
546,33
546,415
546,440
547,549
547,574
547,249
547,856
547,734
547,234
547,985
547,638
547,499
547,494
547,148
548,550
548,939
548,836
548,96
548,842
548,102
548,125
548,168
548,298
548,771
548,938
549,551
549,694
549,750
549,68
549,435
549,14
549,808
549,58
549,750
549,484
549,317
550,552
550,840
550,172
550,474
550,539
550,702
550,90
550,934
550,656
550,134
550,110
551,553
551,502
551,399
551,864
551,592
551,624
551,985
551,88
551,451
551,467
551,82
552,554
552,288
552,413
552,92
552,616
552,965
552,105
552,435
552,709
552,278
552,575
553,555
553,678
553,632
553,851
553,81
553,753
553,842
553,982
553,33
553,853
553,506
554,556
554,531
554,549
554,249
554,244
554,641
554,140
554,443
554,828
554,624
554,710
555,557
555,391
555,9
555,936
555,620
555,658
555,206
555,840
555,28
555,207
555,789
556,558
556,884
556,613
556,107
556,481
556,237
556,396
556,51
556,350
556,600
556,741
557,559
557,363
557,676
557,369
557,670
557,934
557,867
557,819
557,230
557,698
557,404
558,560
558,222
558,281
558,936
558,755
558,686
558,385
558,886
558,413
558,280
558,228
559,561
559,496
559,764
559,632
559,572
559,804
559,33
559,716
559,175
559,62
559,785
560,562
560,865
560,48
560,590
560,321
560,218
560,104
560,976
560,419
560,370
560,857
561,563
561,204
561,779
561,885
561,876
561,591
561,633
561,681
561,498
561,250
561,635
562,564
562,525
562,271
562,12
562,260
562,173
562,64
562,777
562,919
562,397
562,381
563,565
563,103
563,379
563,604
563,863
563,23
563,904
563,458
563,468
563,429
563,698
564,566
564,872
564,443
564,266
564,353
564,429
564,601
564,679
564,481
564,425
564,125
565,567
565,95
565,24
565,60
565,566
565,817
565,953
565,244
565,375
565,52
565,740
566,568
566,305
566,979
566,847
566,182
566,545
566,749
566,216
566,631
566,407
566,356
567,569
567,525
567,698
567,679
567,183
567,784
567,324
567,354
567,31
567,493
567,497
568,570
568,125
568,509
568,261
568,116
568,295
568,279
568,99
568,572
568,897
568,729
569,571
569,198
569,79
569,409
569,243
569,54
569,894
569,366
569,816
569,90
569,703
570,572
570,757
570,924
570,155
570,684
570,339
570,770
570,924
570,790
570,739
570,940
571,573
571,857
571,326
571,731
571,142
571,577
571,590
571,712
571,464
571,131
571,96
572,574
572,470
572,144
572,777
572,332
572,899
572,733
572,719
572,361
572,211
572,807
573,575
573,117
573,828
573,215
573,809
573,593
573,93
573,450
573,472
573,688
573,788
574,576
574,960
574,77
574,373
574,225
574,328
574,959
574,535
574,700
574,89
574,325
575,577
575,22
575,937
575,83
575,481
575,332
575,82
575,434
575,550
575,853
575,125
576,578
576,485
576,275
576,996
576,372
576,420
576,274
576,866
576,79
576,297
576,806
577,579
577,206
577,457
577,657
577,125
577,714
577,873
577,440
577,888
577,823
577,828
578,580
578,886
578,256
578,489
578,691
578,39
578,143
578,56
578,760
578,492
578,81
579,581
579,531
579,93
579,334
579,202
579,885
579,346
579,462
579,52
579,766
579,270
580,582
580,948
580,123
580,889
580,929
580,26
580,307
580,817
580,427
580,442
580,35
581,583
581,555
581,159
581,986
581,540
581,839
581,603
581,175
581,87
581,137
581,1000
582,584
582,652
582,744
582,301
582,209
582,5
582,881
582,535
582,61
582,408
582,123
583,585
583,601
583,73
583,996
583,51
583,546
583,617
583,765
583,433
583,823
583,595
584,586
584,283
584,287
584,366
584,112
584,563
584,571
584,562
584,496
584,623
584,946
585,587
585,155
585,959
585,551
585,77
585,671
585,176
585,612
585,284
585,992
585,596
586,588
586,974
586,187
586,824
586,432
586,245
586,506
586,710
586,745
586,804
586,313
587,589
587,156
587,740
587,947
587,937
587,654
587,12
587,278
587,367
587,101
587,134
588,590
588,285
588,200
588,72
588,138
588,380
588,725
588,280
588,780
588,657
588,93
589,591
589,253
589,269
589,931
589,7
589,791
589,609
589,884
589,248
589,506
589,665
590,592
590,581
590,894
590,856
590,361
590,945
590,385
590,653
590,767
590,670
590,429
591,593
591,862
591,901
591,981
591,893
591,570
591,478
591,919
591,864
591,758
591,437
592,594
592,4
592,406
592,156
592,141
592,912
592,326
592,134
592,847
592,951
592,794
593,595
593,341
593,885
593,392
593,416
593,578
593,365
593,137
593,340
593,562
593,131
594,596
594,231
594,364
594,173
594,515
594,583
594,324
594,914
594,681
594,576
594,43
595,597
595,673
595,409
595,494
595,539
595,611
595,152
595,33
595,525
595,889
595,270
596,598
596,541
596,778
596,354
596,628
596,838
596,821
596,115
596,603
596,547
596,833
597,599
597,112
597,662
597,360
597,208
597,912
597,389
597,867
597,491
597,751
597,985
598,600
598,239
598,772
598,951
598,247
598,849
598,956
598,558
598,277
598,343
598,954
599,601
599,24
599,931
599,10
599,541
599,867
599,596
599,989
599,670
599,159
599,669
600,602
600,229
600,70
600,268
600,825
600,675
600,459
600,200
600,480
600,920
600,263
601,603
601,432
601,820
601,244
601,546
601,933
601,285
601,331
601,446
601,126
601,650
602,604
602,148
602,317
602,930
602,487
602,187
602,794
602,119
602,674
602,367
602,476
603,605
603,245
603,467
603,989
603,73
603,440
603,159
603,109
603,533
603,305
603,573
604,606
604,815
604,885
604,717
604,961
604,648
604,901
604,569
604,235
604,849
604,960
605,607
605,666
605,904
605,265
605,682
605,526
605,282
605,878
605,535
605,223
605,880
606,608
606,285
606,692
606,477
606,392
606,942
606,519
606,457
606,393
606,584
606,416
607,609
607,994
607,316
607,659
607,889
607,790
607,230
607,363
607,704
607,763
607,12
608,610
608,321
608,642
608,72
608,756
608,524
608,177
608,570
608,247
608,524
608,951
609,611
609,963
609,111
609,126
609,645
609,433
609,680
609,290
609,624
609,884
609,120
610,612
610,128
610,538
610,909
610,121
610,865
610,76
610,932
610,998
610,292
610,773
611,613
611,520
611,844
611,529
611,799
611,365
611,970
611,494
611,170
611,542
611,907
612,614
612,317
612,110
612,907
612,495
612,344
612,716
612,187
612,554
612,351
612,929
613,615
613,424
613,580
613,692
613,501
613,646
613,318
613,441
613,463
613,973
613,745
614,616
614,251
614,59
614,721
614,843
614,608
614,196
614,64
614,749
614,879
614,172
615,617
615,507
615,755
615,9
615,650
615,544
615,864
615,258
615,626
615,870
615,310
616,618
616,179
616,849
616,831
616,207
616,832
616,119
616,871
616,153
616,771
616,168
617,619
617,806
617,318
617,765
617,714
617,510
617,738
617,385
617,402
617,274
617,155
618,620
618,486
618,905
618,422
618,964
618,6
618,189
618,41
618,368
618,555
618,759
619,621
619,310
619,765
619,118
619,896
619,157
619,92
619,251
619,973
619,992
619,876
620,622
620,182
620,455
620,658
620,349
620,691
620,64
620,964
620,130
620,551
620,26
621,623
621,435
621,156
621,403
621,35
621,938
621,670
621,743
621,371
621,800
621,778
622,624
622,746
622,574
622,535
622,433
622,614
622,623
622,837
622,93
622,836
622,811
623,625
623,899
623,765
623,204
623,742
623,48
623,792
623,359
623,491
623,743
623,476
624,626
624,237
624,834
624,445
624,79
624,970
624,786
624,479
624,891
624,49
624,363
625,627
625,674
625,179
625,102
625,249
625,1000
625,122
625,30
625,60
625,459
625,732
626,628
626,220
626,175
626,690
626,128
626,764
626,754
626,291
626,198
626,920
626,471
627,629
627,968
627,675
627,178
627,535
627,492
627,434
627,140
627,72
627,158
627,3
628,630
628,960
628,995
628,507
628,490
628,890
628,499
628,539
628,975
628,278
628,487
629,631
629,91
629,268
629,886
629,733
629,572
629,667
629,41
629,220
629,731
629,637
630,632
630,654
630,938
630,165
630,577
630,350
630,331
630,688
630,139
630,475
630,532
631,633
631,911
631,152
631,729
631,91
631,732
631,253
631,133
631,882
631,336
631,741
632,634
632,362
632,382
632,303
632,893
632,639
632,996
632,181
632,602
632,779
632,783
633,635
633,405
633,533
633,430
633,54
633,864
633,381
633,71
633,593
633,600
633,756
634,636
634,937
634,117
634,269
634,65
634,85
634,505
634,907
634,477
634,410
634,525
635,637
635,19
635,307
635,817
635,948
635,983
635,854
635,875
635,892
635,601
635,771
636,638
636,16
636,943
636,859
636,921
636,782
636,162
636,558
636,971
636,516
636,115
637,639
637,357
637,285
637,379
637,490
637,733
637,943
637,63
637,137
637,830
637,801
638,640
638,66
638,538
638,731
638,514
638,95
638,462
638,330
638,425
638,64
638,818
639,641
639,223
639,614
639,119
639,351
639,728
639,195
639,110
639,554
639,812
639,476
640,642
640,476
640,539
640,657
640,936
640,475
640,993
640,371
640,148
640,129
640,725
641,643
641,766
641,341
641,51
641,405
641,337
641,908
641,691
641,259
641,159
641,758
642,644
642,349
642,263
642,599
642,987
642,50
642,780
642,577
642,972
642,461
642,404
643,645
643,805
643,523
643,996
643,642
643,921
643,16
643,649
643,481
643,751
643,475
644,646
644,813
644,786
644,655
644,795
644,418
644,787
644,620
644,124
644,166
644,105
645,647
645,56
645,576
645,326
645,680
645,836
645,366
645,646
645,920
645,433
645,737
646,648
646,170
646,137
646,895
646,571
646,586
646,652
646,458
646,366
646,173
646,389
647,649
647,688
647,715
647,126
647,673
647,242
647,333
647,61
647,125
647,698
647,863
648,650
648,241
648,262
648,723
648,319
648,828
648,120
648,549
648,814
648,279
648,569
649,651
649,870
649,947
649,312
649,852
649,779
649,35
649,45
649,222
649,598
649,327
650,652
650,739
650,48
650,671
650,497
650,235
650,503
650,136
650,500
650,699
650,416
651,653
651,566
651,578
651,585
651,956
651,949
651,575
651,745
651,764
651,469
651,166
652,654
652,625
652,258
652,390
652,511
652,253
652,42
652,160
652,9
652,121
652,603
653,655
653,52
653,48
653,774
653,940
653,454
653,563
653,59
653,588
653,166
653,617
654,656
654,822
654,173
654,728
654,715
654,280
654,623
654,993
654,352
654,279
654,705
655,657
655,265
655,192
655,280
655,391
655,875
655,66
655,302
655,479
655,546
655,523
656,658
656,288
656,847
656,5
656,799
656,974
656,130
656,133
656,503
656,858
656,231
657,659
657,397
657,114
657,44
657,984
657,476
657,243
657,45
657,808
657,966
657,226
658,660
658,294
658,710
658,760
658,713
658,472
658,622
658,376
658,375
658,2
658,841
659,661
659,6
659,474
659,221
659,311
659,473
659,484
659,676
659,640
659,873
659,737
660,662
660,465
660,34
660,834
660,881
660,701
660,696
660,151
660,75
660,247
660,645
661,663
661,25
661,195
661,46
661,706
661,918
661,496
661,920
661,462
661,441
661,829
662,664
662,937
662,605
662,304
662,427
662,366
662,654
662,379
662,78
662,414
662,111
663,665
663,937
663,76
663,737
663,887
663,880
663,906
663,607
663,176
663,974
663,925
664,666
664,223
664,902
664,447
664,766
664,449
664,828
664,388
664,938
664,813
664,201
665,667
665,648
665,988
665,822
665,737
665,597
665,645
665,58
665,261
665,546
665,103
666,668
666,634
666,51
666,785
666,307
666,465
666,442
666,80
666,637
666,453
666,987
667,669
667,866
667,635
667,802
667,986
667,244
667,748
667,240
667,368
667,879
667,93
668,670
668,670
668,412
668,918
668,975
668,476
668,269
668,873
668,512
668,684
668,343
669,671
669,258
669,413
669,575
669,411
669,732
669,43
669,195
669,167
669,91
669,186
670,672
670,196
670,358
670,569
670,343
670,505
670,460
670,727
670,969
670,130
670,996
671,673
671,558
671,701
671,675
671,710
671,548
671,48
671,216
671,855
671,442
671,410
672,674
672,423
672,935
672,932
672,39
672,338
672,777
672,282
672,132
672,429
672,135
673,675
673,982
673,755
673,707
673,271
673,287
673,442
673,171
673,558
673,752
673,835
674,676
674,147
674,479
674,138
674,405
674,405
674,191
674,522
674,893
674,474
674,102
675,677
675,487
675,939
675,295
675,19
675,955
675,917
675,347
675,528
675,110
675,706
676,678
676,165
676,65
676,486
676,980
676,195
676,473
676,331
676,420
676,727
676,61
677,679
677,259
677,126
677,728
677,439
677,785
677,143
677,404
677,572
677,807
677,629
678,680
678,972
678,433
678,695
678,158
678,148
678,204
678,877
678,39
678,823
678,573
679,681
679,72
679,832
679,313
679,199
679,64
679,968
679,183
679,522
679,973
679,943
680,682
680,126
680,998
680,725
680,403
680,735
680,625
680,96
680,158
680,364
680,552
681,683
681,288
681,417
681,549
681,718
681,176
681,462
681,156
681,164
681,647
681,731
682,684
682,999
682,942
682,556
682,709
682,790
682,973
682,388
682,148
682,463
682,974
683,685
683,756
683,580
683,517
683,697
683,464
683,825
683,448
683,28
683,902
683,76
684,686
684,648
684,919
684,546
684,910
684,251
684,815
684,950
684,290
684,71
684,492
685,687
685,79
685,891
685,851
685,597
685,166
685,467
685,463
685,812
685,63
685,956
686,688
686,808
686,656
686,222
686,413
686,834
686,739
686,790
686,479
686,911
686,288
687,689
687,779
687,853
687,692
687,20
687,336
687,829
687,368
687,532
687,777
687,782
688,690
688,475
688,501
688,157
688,818
688,245
688,619
688,23
688,343
688,944
688,256
689,691
689,37
689,178
689,186
689,178
689,896
689,693
689,747
689,231
689,628
689,223
690,692
690,397
690,292
690,582
690,215
690,637
690,958
690,423
690,332
690,790
690,38
691,693
691,694
691,986
691,764
691,969
691,803
691,481
691,989
691,708
691,106
691,708
692,694
692,732
692,674
692,621
692,812
692,557
692,201
692,348
692,752
692,999
692,43
693,695
693,752
693,862
693,698
693,226
693,845
693,990
693,247
693,769
693,637
693,554
694,696
694,81
694,285
694,217
694,673
694,327
694,582
694,731
694,336
694,86
694,771
695,697
695,239
695,428
695,884
695,38
695,362
695,888
695,607
695,387
695,509
695,764
696,698
696,63
696,279
696,465
696,813
696,57
696,603
696,183
696,228
696,449
696,114
697,699
697,428
697,803
697,568
697,188
697,984
697,215
697,884
697,827
697,230
697,607
698,700
698,486
698,720
698,3
698,904
698,279
698,331
698,464
698,434
698,85
698,974
699,701
699,279
699,295
699,31
699,508
699,333
699,961
699,202
699,742
699,640
699,905
700,702
700,405
700,413
700,372
700,887
700,723
700,267
700,396
700,36
700,77
700,880
701,703
701,228
701,802
701,151
701,673
701,354
701,682
701,988
701,292
701,551
701,601
702,704
702,797
702,143
702,210
702,294
702,412
702,94
702,784
702,151
702,676
702,203
703,705
703,490
703,181
703,39
703,878
703,472
703,97
703,189
703,890
703,13
703,115
704,706
704,600
704,810
704,448
704,94
704,313
704,309
704,285
704,104
704,293
704,600
705,707
705,249
705,637
705,516
705,78
705,59
705,615
705,230
705,625
705,819
705,844
706,708
706,993
706,512
706,814
706,987
706,751
706,151
706,254
706,57
706,555
706,747
707,709
707,561
707,993
707,250
707,997
707,396
707,759
707,193
707,610
707,879
707,255
708,710
708,653
708,599
708,190
708,957
708,341
708,283
708,492
708,130
708,129
708,618
709,711
709,359
709,94
709,950
709,411
709,80
709,671
709,650
709,985
709,301
709,346
710,712
710,164
710,836
710,627
710,130
710,826
710,220
710,714
710,422
710,294
710,529
711,713
711,181
711,611
711,193
711,384
711,238
711,136
711,219
711,699
711,976
711,515
712,714
712,14
712,423
712,656
712,622
712,181
712,71
712,991
712,990
712,434
712,870
713,715
713,551
713,147
713,788
713,406
713,393
713,329
713,936
713,32
713,276
713,269
714,716
714,778
714,741
714,132
714,275
714,704
714,567
714,491
714,955
714,780
714,163
715,717
715,266
715,882
715,942
715,129
715,433
715,415
715,327
715,162
715,610
715,314
716,718
716,133
716,145
716,709
716,31
716,596
716,634
716,743
716,946
716,126
716,362
717,719
717,832
717,764
717,309
717,995
717,8
717,246
717,894
717,396
717,891
717,40
718,720
718,552
718,852
718,85
718,310
718,265
718,154
718,316
718,553
718,700
718,689
719,721
719,437
719,499
719,799
719,94
719,2
719,463
719,934
719,63
719,779
719,119
720,722
720,678
720,55
720,536
720,522
720,35
720,116
720,810
720,588
720,625
720,634
721,723
721,629
721,42
721,988
721,831
721,522
721,83
721,975
721,112
721,232
721,444
722,724
722,104
722,33
722,628
722,365
722,262
722,679
722,89
722,734
722,672
722,666
723,725
723,851
723,718
723,30
723,318
723,464
723,183
723,904
723,826
723,805
723,414
724,726
724,702
724,604
724,718
724,120
724,132
724,407
724,316
724,281
724,413
724,342
725,727
725,197
725,81
725,135
725,49
725,586
725,578
725,551
725,903
725,320
725,132
726,728
726,492
726,648
726,308
726,489
726,933
726,693
726,544
726,423
726,37
726,239
727,729
727,88
727,702
727,631
727,565
727,143
727,254
727,589
727,630
727,462
727,991
728,730
728,622
728,561
728,259
728,751
728,947
728,829
728,105
728,379
728,617
728,802
729,731
729,194
729,434
729,533
729,149
729,811
729,327
729,49
729,465
729,926
729,808
730,732
730,559
730,401
730,296
730,327
730,639
730,699
730,434
730,264
730,386
730,394
731,733
731,358
731,924
731,449
731,363
731,891
731,236
731,806
731,509
731,77
731,184
732,734
732,622
732,728
732,263
732,108
732,747
732,778
732,542
732,177
732,305
732,517
733,735
733,956
733,262
733,617
733,170
733,131
733,168
733,220
733,10
733,943
733,541
734,736
734,521
734,67
734,280
734,517
734,494
734,238
734,391
734,581
734,193
734,414
735,737
735,217
735,774
735,409
735,78
735,35
735,907
735,418
735,505
735,502
735,569
736,738
736,657
736,102
736,586
736,327
736,991
736,39
736,443
736,75
736,417
736,408
737,739
737,255
737,244
737,228
737,801
737,39
737,249
737,358
737,451
737,576
737,767
738,740
738,328
738,722
738,973
738,515
738,93
738,904
738,979
738,781
738,939
738,767
739,741
739,450
739,785
739,470
739,302
739,104
739,231
739,826
739,893
739,171
739,937
740,742
740,238
740,959
740,885
740,125
740,540
740,858
740,87
740,272
740,908
740,956
741,743
741,166
741,748
741,167
741,806
741,479
741,692
741,124
741,452
741,626
741,692
742,744
742,889
742,243
742,666
742,871
742,592
742,853
742,785
742,923
742,310
742,362
743,745
743,618
743,593
743,326
743,218
743,132
743,899
743,910
743,305
743,666
743,752
744,746
744,377
744,145
744,906
744,734
744,917
744,142
744,984
744,31
744,517
744,581
745,747
745,355
745,774
745,451
745,588
745,137
745,111
745,258
745,237
745,260
745,121
746,748
746,381
746,208
746,645
746,837
746,784
746,632
746,189
746,373
746,502
746,13
747,749
747,332
747,333
747,570
747,230
747,367
747,142
747,217
747,2
747,983
747,475
748,750
748,610
748,923
748,714
748,603
748,584
748,600
748,758
748,353
748,140
748,781
749,751
749,504
749,903
749,807
749,75
749,385
749,643
749,949
749,955
749,863
749,503
750,752
750,381
750,638
750,858
750,403
750,171
750,22
750,47
750,100
750,189
750,178
751,753
751,335
751,850
751,175
751,903
751,463
751,132
751,221
751,350
751,991
751,719
752,754
752,490
752,54
752,495
752,136
752,159
752,801
752,645
752,444
752,250
752,430
753,755
753,720
753,518
753,323
753,904
753,764
753,574
753,515
753,985
753,180
753,502
754,756
754,419
754,409
754,31
754,571
754,456
754,408
754,737
754,271
754,252
754,625
755,757
755,972
755,386
755,729
755,46
755,700
755,646
755,250
755,809
755,762
755,948
756,758
756,975
756,121
756,962
756,7
756,213
756,119
756,803
756,431
756,845
756,929
757,759
757,792
757,768
757,730
757,206
757,673
757,476
757,992
757,685
757,362
757,58
758,760
758,66
758,224
758,447
758,402
758,822
758,345
758,300
758,212
758,70
758,582
759,761
759,101
759,523
759,981
759,375
759,50
759,878
759,501
759,408
759,913
759,907
760,762
760,118
760,927
760,767
760,994
760,527
760,470
760,664
760,897
760,201
760,912
761,763
761,489
761,613
761,221
761,901
761,780
761,380
761,526
761,776
761,522
761,763
762,764
762,313
762,523
762,985
762,264
762,17
762,494
762,658
762,135
762,524
762,392
763,765
763,70
763,352
763,954
763,335
763,110
763,717
763,477
763,234
763,660
763,931
764,766
764,167
764,182
764,521
764,83
764,381
764,35
764,178
764,272
764,798
764,8
765,767
765,371
765,475
765,795
765,258
765,189
765,890
765,832
765,361
765,592
765,834
766,768
766,337
766,478
766,524
766,996
766,216
766,741
766,268
766,854
766,208
766,693
767,769
767,959
767,58
767,399
767,33
767,406
767,108
767,201
767,524
767,92
767,442
768,770
768,120
768,998
768,65
768,360
768,722
768,334
768,228
768,101
768,284
768,182
769,771
769,298
769,764
769,241
769,379
769,831
769,161
769,611
769,896
769,409
769,131
770,772
770,587
770,199
770,888
770,800
770,658
770,606
770,171
770,663
770,706
770,570
771,773
771,84
771,470
771,36
771,84
771,456
771,670
771,109
771,172
771,28
771,181
772,774
772,160
772,640
772,236
772,360
772,811
772,736
772,53
772,924
772,144
772,856
773,775
773,757
773,680
773,723
773,41
773,360
773,285
773,390
773,658
773,199
773,11
774,776
774,573
774,869
774,835
774,143
774,823
774,892
774,928
774,978
774,924
774,259
775,777
775,202
775,482
775,407
775,765
775,804
775,765
775,911
775,652
775,871
775,39
776,778
776,857
776,664
776,597
776,934
776,298
776,988
776,382
776,971
776,744
776,829
777,779
777,356
777,771
777,765
777,675
777,642
777,223
777,514
777,552
777,729
777,32
778,780
778,468
778,795
778,25
778,83
778,546
778,233
778,813
778,395
778,287
778,327
779,781
779,834
779,482
779,778
779,695
779,246
779,732
779,58
779,595
779,2
779,46
780,782
780,502
780,497
780,343
780,27
780,29
780,858
780,173
780,915
780,154
780,514
781,783
781,257
781,304
781,953
781,59
781,69
781,192
781,844
781,888
781,401
781,341
782,784
782,583
782,558
782,115
782,154
782,424
782,289
782,866
782,300
782,472
782,532
783,785
783,321
783,837
783,981
783,130
783,678
783,546
783,686
783,253
783,131
783,267
784,786
784,236
784,677
784,759
784,208
784,362
784,708
784,371
784,232
784,121
784,599
785,787
785,934
785,972
785,440
785,415
785,79
785,346
785,914
785,963
785,31
785,891
786,788
786,506
786,253
786,522
786,384
786,198
786,58
786,384
786,42
786,779
786,1
787,789
787,306
787,445
787,830
787,674
787,684
787,323
787,391
787,850
787,716
787,705
788,790
788,296
788,613
788,427
788,231
788,569
788,26
788,503
788,300
788,833
788,880
789,791
789,120
789,273
789,847
789,736
789,335
789,286
789,511
789,277
789,598
789,498
790,792
790,244
790,411
790,343
790,314
790,349
790,629
790,868
790,735
790,737
790,584
791,793
791,333
791,853
791,409
791,592
791,881
791,360
791,752
791,325
791,331
791,847
792,794
792,619
792,87
792,285
792,586
792,343
792,943
792,758
792,138
792,851
792,71
793,795
793,353
793,719
793,438
793,41
793,348
793,487
793,988
793,306
793,90
793,976
794,796
794,425
794,703
794,803
794,801
794,603
794,700
794,679
794,5
794,249
794,879
795,797
795,16
795,557
795,598
795,789
795,912
795,481
795,66
795,573
795,949
795,528
796,798
796,720
796,343
796,306
796,346
796,953
796,341
796,661
796,955
796,912
796,837
797,799
797,530
797,36
797,92
797,517
797,399
797,739
797,198
797,529
797,644
797,575
798,800
798,369
798,893
798,891
798,849
798,509
798,828
798,504
798,887
798,520
798,579
799,801
799,320
799,495
799,159
799,968
799,543
799,816
799,517
799,534
799,724
799,135
800,802
800,720
800,1000
800,784
800,85
800,91
800,471
800,909
800,852
800,631
800,615
801,803
801,14
801,667
801,121
801,400
801,299
801,889
801,917
801,977
801,763
801,586
802,804
802,1
802,881
802,486
802,250
802,593
802,193
802,400
802,466
802,990
802,138
803,805
803,638
803,335
803,937
803,561
803,633
803,134
803,767
803,227
803,693
803,507
804,806
804,270
804,488
804,209
804,271
804,963
804,729
804,754
804,686
804,962
804,905
805,807
805,945
805,151
805,195
805,557
805,878
805,728
805,766
805,245
805,383
805,646
806,808
806,345
806,175
806,144
806,42
806,143
806,989
806,190
806,173
806,539
806,732
807,809
807,230
807,967
807,58
807,582
807,25
807,223
807,476
807,956
807,913
807,428
808,810
808,350
808,303
808,550
808,671
808,424
808,759
808,644
808,408
808,190
808,752
809,811
809,411
809,430
809,733
809,55
809,91
809,231
809,924
809,844
809,130
809,81
810,812
810,813
810,147
810,44
810,593
810,915
810,231
810,843
810,534
810,725
810,616
811,813
811,766
811,847
811,391
811,892
811,276
811,208
811,984
811,475
811,435
811,476
812,814
812,169
812,995
812,181
812,967
812,509
812,135
812,770
812,446
812,281
812,146
813,815
813,17
813,271
813,233
813,477
813,946
813,954
813,784
813,583
813,791
813,928
814,816
814,197
814,98
814,909
814,439
814,853
814,187
814,412
814,634
814,449
814,616
815,817
815,570
815,139
815,447
815,320
815,622
815,36
815,153
815,615
815,439
815,760
816,818
816,183
816,204
816,154
816,316
816,564
816,25
816,654
816,308
816,757
816,372
817,819
817,348
817,888
817,461
817,251
817,478
817,726
817,804
817,802
817,313
817,217
818,820
818,390
818,720
818,493
818,652
818,450
818,805
818,829
818,987
818,600
818,257
819,821
819,357
819,529
819,276
819,831
819,591
819,360
819,824
819,456
819,173
819,299
820,822
820,354
820,638
820,483
820,558
820,818
820,433
820,152
820,477
820,119
820,288
821,823
821,590
821,35
821,27
821,447
821,575
821,410
821,910
821,720
821,887
821,862
822,824
822,723
822,772
822,8
822,853
822,111
822,812
822,544
822,76
822,820
822,812
823,825
823,449
823,540
823,408
823,676
823,268
823,133
823,321
823,312
823,467
823,960
824,826
824,615
824,321
824,797
824,64
824,540
824,307
824,8
824,858
824,248
824,634
825,827
825,412
825,436
825,8
825,469
825,475
825,720
825,912
825,522
825,108
825,425
826,828
826,969
826,429
826,531
826,797
826,174
826,386
826,198
826,178
826,271
826,392
827,829
827,250
827,901
827,411
827,347
827,152
827,734
827,830
827,938
827,403
827,112
828,830
828,61
828,782
828,968
828,697
828,883
828,619
828,480
828,891
828,974
828,491
829,831
829,459
829,786
829,275
829,2
829,382
829,560
829,590
829,354
829,532
829,748
830,832
830,93
830,352
830,424
830,236
830,10
830,523
830,644
830,963
830,410
830,200
831,833
831,783
831,553
831,876
831,462
831,693
831,764
831,496
831,479
831,46
831,203
832,834
832,939
832,808
832,976
832,106
832,288
832,236
832,194
832,649
832,776
832,270
833,835
833,820
833,858
833,509
833,83
833,214
833,124
833,326
833,107
833,122
833,465
834,836
834,137
834,415
834,839
834,268
834,81
834,396
834,748
834,659
834,135
834,160
835,837
835,621
835,314
835,894
835,662
835,848
835,598
835,875
835,724
835,747
835,236
836,838
836,897
836,995
836,36
836,667
836,895
836,57
836,365
836,175
836,94
836,109
837,839
837,896
837,57
837,437
837,4
837,173
837,914
837,817
837,427
837,910
837,507
838,840
838,389
838,909
838,310
838,849
838,459
838,372
838,498
838,257
838,502
838,340
839,841
839,708
839,874
839,77
839,587
839,185
839,686
839,648
839,39
839,912
839,889
840,842
840,233
840,116
840,942
840,789
840,307
840,392
840,980
840,568
840,700
840,780
841,843
841,766
841,353
841,573
841,292
841,984
841,787
841,319
841,188
841,567
841,77
842,844
842,420
842,943
842,493
842,343
842,343
842,584
842,764
842,774
842,526
842,575
843,845
843,251
843,171
843,11
843,992
843,260
843,721
843,797
843,21
843,244
843,596
844,846
844,40
844,130
844,886
844,675
844,348
844,504
844,367
844,31
844,219
844,647
845,847
845,27
845,778
845,857
845,726
845,36
845,806
845,982
845,693
845,856
845,646
846,848
846,634
846,165
846,38
846,279
846,852
846,382
846,949
846,298
846,272
846,634
847,849
847,273
847,262
847,517
847,883
847,428
847,1000
847,842
847,805
847,221
847,433
848,850
848,332
848,909
848,498
848,948
848,984
848,268
848,973
848,311
848,857
848,872
849,851
849,507
849,298
849,902
849,824
849,447
849,21
849,103
849,46
849,141
849,799
850,852
850,464
850,586
850,960
850,864
850,244
850,235
850,127
850,540
850,691
850,916
851,853
851,214
851,414
851,886
851,82
851,569
851,998
851,360
851,486
851,549
851,5
852,854
852,746
852,243
852,93
852,992
852,346
852,877
852,767
852,121
852,346
852,462
853,855
853,643
853,312
853,170
853,639
853,554
853,62
853,890
853,991
853,972
853,513
854,856
854,395
854,742
854,940
854,500
854,518
854,13
854,660
854,57
854,339
854,357
855,857
855,305
855,60
855,656
855,313
855,98
855,444
855,428
855,224
855,25
855,260
856,858
856,947
856,867
856,868
856,37
856,323
856,938
856,98
856,78
856,677
856,279
857,859
857,299
857,997
857,816
857,229
857,119
857,883
857,271
857,69
857,122
857,201
858,860
858,817
858,163
858,125
858,394
858,725
858,750
858,339
858,438
858,129
858,304
859,861
859,870
859,477
859,204
859,214
859,424
859,491
859,443
859,724
859,220
859,7
860,862
860,249
860,739
860,84
860,862
860,687
860,578
860,343
860,787
860,460
860,829
861,863
861,755
861,901
861,664
861,400
861,111
861,118
861,881
861,710
861,510
861,687
862,864
862,479
862,399
862,208
862,881
862,881
862,32
862,712
862,917
862,417
862,206
863,865
863,528
863,538
863,706
863,800
863,867
863,460
863,773
863,782
863,655
863,488
864,866
864,802
864,508
864,474
864,687
864,3
864,840
864,743
864,471
864,272
864,104
865,867
865,416
865,991
865,351
865,891
865,593
865,695
865,165
865,132
865,44
865,687
866,868
866,141
866,525
866,755
866,188
866,79
866,594
866,616
866,917
866,845
866,793
867,869
867,949
867,403
867,764
867,498
867,715
867,308
867,153
867,943
867,371
867,554
868,870
868,498
868,94
868,972
868,291
868,656
868,264
868,291
868,772
868,559
868,931
869,871
869,203
869,220
869,884
869,837
869,90
869,189
869,696
869,562
869,251
869,528
870,872
870,705
870,496
870,740
870,360
870,448
870,835
870,388
870,626
870,912
870,523
871,873
871,891
871,262
871,754
871,217
871,81
871,939
871,210
871,117
871,81
871,212
872,874
872,508
872,66
872,108
872,536
872,98
872,959
872,705
872,634
872,822
872,477
873,875
873,150
873,849
873,236
873,774
873,293
873,261
873,128
873,652
873,546
873,205
874,876
874,595
874,638
874,900
874,625
874,730
874,508
874,937
874,374
874,939
874,703
875,877
875,934
875,845
875,68
875,777
875,634
875,792
875,248
875,490
875,393
875,88
876,878
876,380
876,475
876,672
876,346
876,908
876,702
876,641
876,142
876,706
876,304
877,879
877,497
877,331
877,711
877,275
877,793
877,418
877,533
877,862
877,656
877,863
878,880
878,39
878,668
878,539
878,55
878,611
878,988
878,145
878,640
878,148
878,885
879,881
879,850
879,210
879,763
879,639
879,896
879,38
879,575
879,422
879,578
879,327
880,882
880,616
880,88
880,306
880,229
880,402
880,468
880,962
880,684
880,20
880,248
881,883
881,962
881,849
881,240
881,270
881,746
881,446
881,128
881,542
881,754
881,534
882,884
882,218
882,137
882,909
882,392
882,686
882,624
882,335
882,169
882,913
882,269
883,885
883,751
883,232
883,932
883,87
883,720
883,850
883,976
883,241
883,324
883,954
884,886
884,985
884,485
884,838
884,395
884,144
884,353
884,516
884,446
884,700
884,312
885,887
885,802
885,190
885,339
885,412
885,950
885,377
885,623
885,537
885,807
885,294
886,888
886,317
886,42
886,806
886,548
886,100
886,267
886,976
886,4
886,829
886,522
887,889
887,95
887,330
887,676
887,601
887,369
887,134
887,702
887,658
887,281
887,681
888,890
888,902
888,272
888,519
888,662
888,137
888,147
888,357
888,841
888,119
888,885
889,891
889,172
889,331
889,329
889,304
889,176
889,486
889,418
889,246
889,470
889,593
890,892
890,441
890,195
890,710
890,869
890,455
890,714
890,788
890,878
890,137
890,861
891,893
891,801
891,268
891,88
891,472
891,447
891,870
891,965
891,905
891,686
891,399
892,894
892,587
892,765
892,591
892,206
892,532
892,174
892,114
892,705
892,716
892,788
893,895
893,494
893,288
893,219
893,987
893,56
893,868
893,518
893,179
893,255
893,660
894,896
894,65
894,673
894,435
894,944
894,137
894,886
894,73
894,691
894,355
894,714
895,897
895,268
895,694
895,94
895,768
895,697
895,962
895,148
895,613
895,216
895,20
896,898
896,652
896,253
896,436
896,895
896,328
896,968
896,852
896,203
896,842
896,224
897,899
897,979
897,3
897,668
897,477
897,103
897,676
897,963
897,394
897,124
897,165
898,900
898,328
898,868
898,454
898,392
898,72
898,390
898,811
898,497
898,97
898,528
899,901
899,979
899,31
899,765
899,156
899,111
899,194
899,661
899,999
899,199
899,391
900,902
900,288
900,207
900,167
900,573
900,410
900,161
900,924
900,160
900,644
900,435
901,903
901,465
901,996
901,272
901,483
901,267
901,759
901,892
901,182
901,528
901,970
902,904
902,804
902,633
902,565
902,630
902,550
902,319
902,731
902,161
902,390
902,57
903,905
903,142
903,756
903,104
903,835
903,907
903,897
903,80
903,914
903,391
903,877
904,906
904,501
904,234
904,593
904,23
904,772
904,10
904,471
904,772
904,682
904,264
905,907
905,72
905,142
905,931
905,351
905,404
905,678
905,169
905,472
905,918
905,869
906,908
906,402
906,520
906,887
906,46
906,881
906,461
906,139
906,494
906,587
906,875
907,909
907,689
907,99
907,469
907,482
907,114
907,27
907,245
907,738
907,648
907,564
908,910
908,823
908,300
908,599
908,641
908,91
908,532
908,849
908,62
908,718
908,189
909,911
909,747
909,722
909,360
909,292
909,280
909,738
909,261
909,678
909,873
909,973
910,912
910,698
910,741
910,678
910,926
910,477
910,456
910,130
910,961
910,833
910,322
911,913
911,946
911,410
911,33
911,8
911,904
911,273
911,352
911,774
911,707
911,528
912,914
912,692
912,551
912,755
912,472
912,472
912,989
912,501
912,638
912,934
912,99
913,915
913,447
913,272
913,950
913,597
913,548
913,984
913,610
913,316
913,999
913,290
914,916
914,425
914,314
914,386
914,869
914,325
914,518
914,654
914,317
914,302
914,364
915,917
915,229
915,306
915,165
915,825
915,101
915,414
915,264
915,928
915,683
915,447
916,918
916,445
916,931
916,580
916,137
916,589
916,436
916,995
916,693
916,758
916,772
917,919
917,943
917,451
917,497
917,708
917,350
917,481
917,628
917,558
917,796
917,752
918,920
918,253
918,369
918,613
918,253
918,100
918,931
918,545
918,264
918,889
918,916
919,921
919,243
919,541
919,509
919,49
919,233
919,997
919,542
919,109
919,935
919,315
920,922
920,666
920,283
920,701
920,780
920,771
920,450
920,761
920,811
920,170
920,449
921,923
921,291
921,507
921,160
921,513
921,593
921,736
921,311
921,699
921,535
921,645
922,924
922,300
922,229
922,379
922,238
922,278
922,30
922,646
922,280
922,833
922,800
923,925
923,617
923,258
923,506
923,346
923,306
923,551
923,527
923,516
923,690
923,449
924,926
924,847
924,162
924,520
924,928
924,123
924,875
924,673
924,213
924,497
924,814
925,927
925,278
925,193
925,848
925,300
925,585
925,11
925,30
925,338
925,186
925,549
926,928
926,139
926,774
926,965
926,8
926,131
926,63
926,161
926,351
926,618
926,835
927,929
927,288
927,949
927,318
927,866
927,499
927,599
927,875
927,479
927,344
927,660
928,930
928,487
928,735
928,215
928,42
928,378
928,742
928,874
928,870
928,179
928,662
929,931
929,400
929,331
929,848
929,13
929,769
929,315
929,260
929,519
929,151
929,619
930,932
930,973
930,148
930,268
930,438
930,220
930,941
930,21
930,855
930,43
930,688
931,933
931,641
931,118
931,101
931,901
931,556
931,896
931,290
931,822
931,108
931,826
932,934
932,604
932,98
932,452
932,859
932,120
932,775
932,868
932,260
932,971
932,825
933,935
933,487
933,268
933,150
933,585
933,957
933,233
933,539
933,86
933,693
933,411
934,936
934,513
934,238
934,33
934,305
934,982
934,92
934,29
934,322
934,594
934,287
935,937
935,890
935,354
935,570
935,286
935,616
935,570
935,836
935,114
935,762
935,639
936,938
936,881
936,171
936,680
936,161
936,167
936,266
936,824
936,885
936,235
936,609
937,939
937,441
937,630
937,27
937,518
937,395
937,395
937,145
937,596
937,644
937,693
938,940
938,838
938,413
938,816
938,274
938,341
938,846
938,551
938,281
938,939
938,444
939,941
939,317
939,292
939,195
939,769
939,370
939,870
939,71
939,446
939,864
939,260
940,942
940,541
940,592
940,841
940,910
940,185
940,85
940,93
940,771
940,192
940,967
941,943
941,820
941,918
941,760
941,971
941,834
941,235
941,306
941,130
941,870
941,753
942,944
942,804
942,888
942,72
942,730
942,386
942,794
942,536
942,35
942,395
942,867
943,945
943,324
943,998
943,967
943,18
943,23
943,284
943,902
943,682
943,585
943,785
944,946
944,203
944,557
944,824
944,207
944,527
944,88
944,676
944,210
944,746
944,469
945,947
945,350
945,379
945,168
945,83
945,733
945,59
945,766
945,987
945,447
945,238
946,948
946,472
946,724
946,750
946,317
946,169
946,150
946,510
946,936
946,713
946,370
947,949
947,558
947,933
947,845
947,678
947,422
947,308
947,133
947,925
947,137
947,775
948,950
948,193
948,133
948,869
948,880
948,628
948,447
948,953
948,826
948,971
948,406
949,951
949,611
949,506
949,491
949,228
949,170
949,917
949,574
949,354
949,5
949,517
950,952
950,72
950,700
950,346
950,648
950,845
950,448
950,355
950,888
950,788
950,139
951,953
951,6
951,109
951,597
951,974
951,415
951,120
951,30
951,563
951,700
951,853
952,954
952,720
952,465
952,276
952,97
952,139
952,498
952,370
952,570
952,108
952,182
953,955
953,901
953,194
953,248
953,331
953,613
953,363
953,810
953,85
953,186
953,307
954,956
954,760
954,200
954,584
954,571
954,621
954,34
954,687
954,476
954,669
954,750
955,957
955,612
955,597
955,823
955,914
955,55
955,810
955,57
955,945
955,61
955,83
956,958
956,511
956,606
956,280
956,498
956,433
956,374
956,644
956,903
956,714
956,789
957,959
957,685
957,761
957,388
957,374
957,924
957,84
957,259
957,16
957,938
957,641
958,960
958,49
958,904
958,204
958,22
958,248
958,107
958,743
958,155
958,279
958,392
959,961
959,764
959,769
959,826
959,958
959,93
959,632
959,704
959,856
959,150
959,475
960,962
960,892
960,23
960,403
960,807
960,3
960,879
960,447
960,376
960,115
960,334
961,963
961,996
961,955
961,552
961,993
961,933
961,244
961,83
961,155
961,724
961,326
962,964
962,537
962,922
962,913
962,218
962,223
962,980
962,191
962,288
962,514
962,834
963,965
963,214
963,231
963,948
963,562
963,815
963,898
963,123
963,997
963,293
963,241
964,966
964,507
964,16
964,972
964,736
964,592
964,502
964,636
964,602
964,324
964,716
965,967
965,684
965,98
965,138
965,6
965,576
965,259
965,27
965,340
965,293
965,319
966,968
966,631
966,173
966,647
966,105
966,669
966,21
966,243
966,621
966,414
966,555
967,969
967,102
967,727
967,934
967,530
967,83
967,547
967,237
967,986
967,267
967,731
968,970
968,931
968,521
968,488
968,166
968,784
968,841
968,773
968,47
968,78
968,853
969,971
969,123
969,283
969,181
969,494
969,624
969,891
969,610
969,627
969,646
969,175
970,972
970,460
970,711
970,569
970,242
970,624
970,754
970,906
970,656
970,29
970,352
971,973
971,645
971,763
971,713
971,457
971,886
971,602
971,701
971,505
971,669
971,250
972,974
972,820
972,194
972,410
972,115
972,25
972,168
972,762
972,299
972,718
972,17
973,975
973,738
973,262
973,469
973,995
973,193
973,423
973,960
973,846
973,985
973,6
974,976
974,881
974,286
974,541
974,13
974,50
974,879
974,160
974,702
974,87
974,224
975,977
975,19
975,904
975,245
975,867
975,430
975,600
975,499
975,81
975,373
975,933
976,978
976,864
976,467
976,403
976,868
976,11
976,804
976,550
976,55
976,123
976,828
977,979
977,738
977,871
977,51
977,446
977,287
977,953
977,426
977,353
977,355
977,146
978,980
978,659
978,789
978,841
978,69
978,543
978,807
978,654
978,932
978,470
978,184
979,981
979,835
979,361
979,355
979,648
979,46
979,216
979,804
979,64
979,474
979,760
980,982
980,493
980,845
980,534
980,447
980,670
980,313
980,230
980,237
980,818
980,742
981,983
981,501
981,426
981,849
981,58
981,1
981,106
981,277
981,850
981,401
981,853
982,984
982,95
982,765
982,219
982,630
982,107
982,234
982,171
982,498
982,411
982,591
983,985
983,659
983,429
983,766
983,255
983,324
983,729
983,357
983,34
983,253
983,939
984,986
984,304
984,82
984,370
984,206
984,737
984,751
984,235
984,467
984,558
984,843
985,987
985,72
985,804
985,35
985,442
985,797
985,21
985,347
985,625
985,581
985,268
986,988
986,554
986,863
986,557
986,72
986,917
986,861
986,480
986,375
986,553
986,635
987,989
987,490
987,432
987,154
987,780
987,142
987,470
987,454
987,288
987,590
987,756
988,990
988,756
988,633
988,437
988,368
988,432
988,943
988,449
988,514
988,370
988,462
989,991
989,904
989,906
989,413
989,928
989,963
989,462
989,865
989,765
989,46
989,674
990,992
990,137
990,442
990,7
990,789
990,534
990,179
990,401
990,482
990,376
990,800
991,993
991,987
991,818
991,950
991,964
991,353
991,287
991,795
991,58
991,373
991,262
992,994
992,99
992,166
992,42
992,353
992,840
992,846
992,958
992,100
992,993
992,842
993,995
993,754
993,501
993,578
993,73
993,45
993,172
993,766
993,47
993,952
993,570
994,996
994,693
994,947
994,562
994,309
994,557
994,742
994,925
994,722
994,709
994,604
995,997
995,527
995,937
995,380
995,452
995,616
995,904
995,925
995,627
995,483
995,673
996,998
996,4
996,214
996,182
996,806
996,99
996,919
996,430
996,667
996,341
996,605
997,999
997,260
997,410
997,462
997,148
997,134
997,908
997,990
997,799
997,944
997,836
998,1000
998,913
998,547
998,215
998,778
998,379
998,17
998,651
998,701
998,263
998,277
999,1
999,513
999,159
999,280
999,87
999,619
999,672
999,548
999,579
999,849
999,706
1000,2
1000,727
1000,929
1000,171
1000,113
1000,871
1000,994
1000,566
1000,56
1000,893
1000,571
